1377821785	-19.837508	-43.197824	2996379766	-19.836325	-43.196807	169.172465	76.090138
1377821785	-19.837508	-43.197824	1379867097	-19.837613	-43.197049	81.916404	36.844238
1377821785	-19.837508	-43.197824	2996379752	-19.836204	-43.197604	254.683164	114.551012
1377821788	-19.836734	-43.198945	2996379743	-19.836098	-43.198379	92.181626	41.461314
1377821790	-19.831366	-43.195183	2996379482	-19.832202	-43.195914	120.393682	54.150490
1377821790	-19.831366	-43.195183	2996379331	-19.830600	-43.193960	153.902394	69.221988
1377821790	-19.831366	-43.195183	1388531891	-19.831699	-43.196477	141.227845	63.521249
1378923334	-19.839809	-43.129030	2985976929	-19.840092	-43.128948	32.659295	14.689449
1378923334	-19.839809	-43.129030	2986123602	-19.839884	-43.128968	10.599688	4.767512
1378927943	-19.826466	-43.190376	3354331372	-19.824844	-43.190423	180.513493	81.191089
1378927943	-19.826466	-43.190376	2996379288	-19.827437	-43.190548	114.873865	51.667795
1378927943	-19.826466	-43.190376	2996379267	-19.825493	-43.189638	132.981915	59.812406
1379864098	-19.825803	-43.189335	8403620732	-19.825785	-43.189274	6.620872	2.977926
1379864098	-19.825803	-43.189335	3266103112	-19.827021	-43.189116	137.352894	61.778379
1379867095	-19.831406	-43.191649	2996379476	-19.831945	-43.192107	76.767111	34.528196
1379867095	-19.831406	-43.191649	2996379451	-19.831043	-43.190669	110.347402	49.631889
1379867095	-19.831406	-43.191649	2996379463	-19.831541	-43.192599	101.931376	45.846542
1379867097	-19.837613	-43.197049	2996379772	-19.836413	-43.195984	173.790336	78.167157
1379867097	-19.837613	-43.197049	1377821785	-19.837508	-43.197824	81.916404	36.844238
1379867097	-19.837613	-43.197049	3354212487	-19.837703	-43.196491	59.218577	26.635243
1380061796	-19.837921	-43.190839	3206481871	-19.837679	-43.191130	40.702055	18.306909
1380061801	-19.835191	-43.190901	7782963041	-19.835234	-43.190836	8.316098	3.740402
1380061801	-19.835191	-43.190901	7782963042	-19.835890	-43.191485	98.826410	44.449995
1388531890	-19.835563	-43.191631	2996379691	-19.835132	-43.192154	72.772959	32.731712
1388531890	-19.835563	-43.191631	2996379524	-19.833604	-43.189938	280.659098	126.234429
1388531890	-19.835563	-43.191631	1399759170	-19.836842	-43.192749	184.172825	82.836977
1388531891	-19.831699	-43.196477	2996379482	-19.832202	-43.195914	81.417743	36.619951
1388531891	-19.831699	-43.196477	2996379526	-19.833716	-43.198148	284.376777	127.906561
1388531891	-19.831699	-43.196477	1377821790	-19.831366	-43.195183	141.227845	63.521249
1396320592	-19.850509	-43.206222	1396320602	-19.851413	-43.206690	111.860946	50.312649
1396320602	-19.851413	-43.206690	3354450553	-19.851543	-43.206407	32.973370	14.830713
1396320602	-19.851413	-43.206690	3354450532	-19.851252	-43.206951	32.659356	14.689476
1396320602	-19.851413	-43.206690	1396320592	-19.850509	-43.206222	111.860946	50.312649
1398479234	-19.828593	-43.128773	4534711047	-19.828768	-43.128826	20.307383	9.133824
1398479234	-19.828593	-43.128773	3360096842	-19.828572	-43.129000	23.876684	10.739219
1399741171	-19.823157	-43.124418	3429157720	-19.824969	-43.124744	234.305241	105.385461
1399741171	-19.823157	-43.124418	3301043727	-19.822729	-43.123447	125.195860	56.310406
1399741171	-19.823157	-43.124418	3358081282	-19.822564	-43.124161	76.606148	34.455799
1399759122	-19.835992	-43.199157	2996379743	-19.836098	-43.198379	82.205393	36.974218
1399759122	-19.835992	-43.199157	7782731757	-19.835981	-43.199241	8.928939	4.016045
1399759122	-19.835992	-43.199157	2996379648	-19.834150	-43.197590	262.352887	118.000689
1399759170	-19.836842	-43.192749	2996379800	-19.836731	-43.193551	84.791656	38.137464
1399759170	-19.836842	-43.192749	1388531890	-19.835563	-43.191631	184.172825	82.836977
1399759170	-19.836842	-43.192749	7780113629	-19.836966	-43.191687	112.152718	50.443881
1756264007	-19.860940	-43.116746	3663497143	-19.861079	-43.110850	631.650675	284.102895
1756264007	-19.860940	-43.116746	1756264099	-19.861355	-43.118372	177.403226	79.792157
1756264036	-19.862724	-43.124475	2391976831	-19.862241	-43.123313	144.267789	64.888550
1756264036	-19.862724	-43.124475	1756264083	-19.864254	-43.123577	230.011458	103.454209
1756264036	-19.862724	-43.124475	3429163564	-19.863151	-43.125085	79.542714	35.776603
1756264036	-19.862724	-43.124475	2391976795	-19.861176	-43.124037	178.194192	80.147917
1756264043	-19.862815	-43.121447	1756264099	-19.861355	-43.118372	360.393921	162.097438
1756264043	-19.862815	-43.121447	1756264083	-19.864254	-43.123577	279.172383	125.565737
1756264046	-19.865081	-43.122206	7554852029	-19.865522	-43.121392	99.712164	44.848388
1756264046	-19.865081	-43.122206	2391976831	-19.862241	-43.123313	363.598503	163.538790
1756264047	-19.868362	-43.121202	7786813565	-19.868166	-43.120994	30.822774	13.863421
1756264047	-19.868362	-43.121202	1879342098	-19.868292	-43.120846	38.324523	17.237547
1756264057	-19.865535	-43.121341	7554852029	-19.865522	-43.121392	5.516617	2.481256
1756264057	-19.865535	-43.121341	1756264043	-19.862815	-43.121447	363.932310	163.688929
1756264057	-19.865535	-43.121341	1879341881	-19.867895	-43.120713	349.679140	157.278160
1756264068	-19.860084	-43.114692	1756264099	-19.861355	-43.118372	411.745493	185.194271
1756264068	-19.860084	-43.114692	1756264085	-19.861346	-43.116795	266.507895	119.869522
1756264068	-19.860084	-43.114692	2391976771	-19.859829	-43.114023	75.697854	34.047267
1756264083	-19.864254	-43.123577	1756264046	-19.865081	-43.122206	173.070937	77.843587
1756264083	-19.864254	-43.123577	1756264043	-19.862815	-43.121447	279.172383	125.565737
1756264083	-19.864254	-43.123577	1756264036	-19.862724	-43.124475	230.011458	103.454209
1756264085	-19.861346	-43.116795	1756264007	-19.860940	-43.116746	63.235437	28.441940
1756264085	-19.861346	-43.116795	1756264068	-19.860084	-43.114692	266.507895	119.869522
1756264099	-19.861355	-43.118372	1756264085	-19.861346	-43.116795	167.399200	75.292562
1756264099	-19.861355	-43.118372	1756264043	-19.862815	-43.121447	360.393921	162.097438
1756264099	-19.861355	-43.118372	1756264007	-19.860940	-43.116746	177.403226	79.792157
1879120556	-19.825600	-43.101349	3345511228	-19.825911	-43.102043	80.498983	36.206712
1879341830	-19.868119	-43.120946	1879341881	-19.867895	-43.120713	34.788507	15.647123
1879341830	-19.868119	-43.120946	7786813565	-19.868166	-43.120994	7.231900	3.252753
1879341831	-19.868265	-43.120644	1879342020	-19.853193	-43.122466	2005.741958	902.139614
1879341831	-19.868265	-43.120644	2391976889	-19.868204	-43.120767	14.507077	6.524972
1879341881	-19.867895	-43.120713	1879341830	-19.868119	-43.120946	34.788507	15.647123
1879341881	-19.867895	-43.120713	1756264057	-19.865535	-43.121341	349.679140	157.278160
1879341944	-19.852153	-43.121315	1879342729	-19.852886	-43.122051	112.212763	50.470888
1879341944	-19.852153	-43.121315	2985976929	-19.840092	-43.128948	1669.047561	750.701713
1879341944	-19.852153	-43.121315	1879342443	-19.852303	-43.122205	94.685538	42.587519
1879342020	-19.853193	-43.122466	1879342648	-19.852383	-43.122227	93.466636	42.039284
1879342020	-19.853193	-43.122466	1879342142	-19.853084	-43.122050	357.837118	160.947443
1879342020	-19.853193	-43.122466	1879341831	-19.868265	-43.120644	2005.741958	902.139614
1879342020	-19.853193	-43.122466	1879342729	-19.852886	-43.122051	55.252660	24.851459
1879342062	-19.852851	-43.122880	1879342648	-19.852383	-43.122227	85.930526	38.649703
1879342098	-19.868292	-43.120846	1879341831	-19.868265	-43.120644	21.345087	9.600561
1879342100	-19.853048	-43.125199	1879342156	-19.852090	-43.122276	459.343407	206.602790
1879342142	-19.853084	-43.122050	1879342729	-19.852886	-43.122051	21.972507	9.882761
1879342142	-19.853084	-43.122050	1879342570	-19.853556	-43.121332	98.929984	44.496580
1879342142	-19.853084	-43.122050	1879342020	-19.853193	-43.122466	357.837118	160.947443
1879342156	-19.852090	-43.122276	1879342443	-19.852303	-43.122205	24.891254	11.195551
1879342156	-19.852090	-43.122276	3360128948	-19.851467	-43.121974	99.217414	44.625860
1879342156	-19.852090	-43.122276	1879342100	-19.853048	-43.125199	459.343407	206.602790
1879342182	-19.836644	-43.129878	8013022916	-19.836566	-43.130225	37.340273	16.794852
1879342182	-19.836644	-43.129878	8013022917	-19.836813	-43.129686	27.967963	12.579388
1879342279	-19.836233	-43.130383	4534710875	-19.829357	-43.128652	811.250236	364.882916
1879342279	-19.836233	-43.130383	8013022915	-19.836560	-43.130272	45.584802	20.503064
1879342327	-19.842205	-43.127465	8013022915	-19.836560	-43.130272	740.005762	332.838684
1879342336	-19.827153	-43.119458	7845712072	-19.826046	-43.119435	123.142788	55.386979
1879342336	-19.827153	-43.119458	3358059847	-19.827722	-43.114761	498.856424	224.374895
1879342336	-19.827153	-43.119458	3358059685	-19.827735	-43.123874	481.793793	216.700491
1879342443	-19.852303	-43.122205	1879342648	-19.852383	-43.122227	9.209671	4.142312
1879342443	-19.852303	-43.122205	1879342156	-19.852090	-43.122276	24.891254	11.195551
1879342443	-19.852303	-43.122205	1879341944	-19.852153	-43.121315	94.685538	42.587519
1879342515	-19.827169	-43.126734	1879342609	-19.826506	-43.125969	112.815105	50.741809
1879342570	-19.853556	-43.121332	1879342142	-19.853084	-43.122050	98.929984	44.496580
1879342609	-19.826506	-43.125969	2986121962	-19.835962	-43.129997	1145.492112	515.217727
1879342609	-19.826506	-43.125969	1879342515	-19.827169	-43.126734	112.815105	50.741809
1879342609	-19.826506	-43.125969	7938192717	-19.826400	-43.115908	1272.599009	572.387676
1879342648	-19.852383	-43.122227	1879342020	-19.853193	-43.122466	93.466636	42.039284
1879342648	-19.852383	-43.122227	1879342443	-19.852303	-43.122205	9.209671	4.142312
1879342648	-19.852383	-43.122227	1879342062	-19.852851	-43.122880	85.930526	38.649703
1879342729	-19.852886	-43.122051	1879342142	-19.853084	-43.122050	21.972507	9.882761
1879342729	-19.852886	-43.122051	1879342020	-19.853193	-43.122466	55.252660	24.851459
1879342729	-19.852886	-43.122051	1879341944	-19.852153	-43.121315	112.212763	50.470888
2391976771	-19.859829	-43.114023	1756264068	-19.860084	-43.114692	75.697854	34.047267
2391976795	-19.861176	-43.124037	1756264036	-19.862724	-43.124475	178.194192	80.147917
2391976814	-19.861286	-43.105471	7687550468	-19.861486	-43.104592	94.618538	42.557384
2391976814	-19.861286	-43.105471	3663497143	-19.861079	-43.110850	568.640060	255.762075
2391976814	-19.861286	-43.105471	5475851719	-19.858263	-43.104957	359.575657	161.729401
2391976831	-19.862241	-43.123313	1756264046	-19.865081	-43.122206	363.598503	163.538790
2391976831	-19.862241	-43.123313	2391976795	-19.861176	-43.124037	152.575780	68.625306
2391976889	-19.868204	-43.120767	1879341830	-19.868119	-43.120946	21.043948	9.465116
2391976889	-19.868204	-43.120767	1879341881	-19.867895	-43.120713	35.279243	15.867845
2397520722	-19.817220	-43.190647	7988164956	-19.817249	-43.190589	6.780324	3.049644
2397520722	-19.817220	-43.190647	3354332015	-19.817357	-43.190735	17.804649	8.008148
2984940572	-19.849432	-43.207592	3354446170	-19.849625	-43.207614	21.709080	9.764277
2984940572	-19.849432	-43.207592	3427503858	-19.851512	-43.212837	616.154896	277.133227
2984979868	-19.838141	-43.190230	7780441258	-19.838158	-43.190314	9.035947	4.064175
2984979886	-19.837873	-43.189492	2984979868	-19.838141	-43.190230	83.780794	37.682800
2985976840	-19.826055	-43.102422	3345511220	-19.826341	-43.102874	57.367199	25.802533
2985976840	-19.826055	-43.102422	3345511228	-19.825911	-43.102043	42.696856	19.204128
2985976840	-19.826055	-43.102422	3345511196	-19.826852	-43.107165	516.912036	232.495921
2985976928	-19.839903	-43.128805	2986121986	-19.839825	-43.128808	8.985319	4.041403
2985976928	-19.839903	-43.128805	8013022900	-19.835558	-43.127484	558.937441	251.398045
2985976929	-19.840092	-43.128948	2986121989	-19.839945	-43.128862	18.695931	8.409028
2985976929	-19.840092	-43.128948	1879341944	-19.852153	-43.121315	1669.047561	750.701713
2985979306	-19.828341	-43.128289	1398479234	-19.828593	-43.128773	59.091845	26.578242
2986121962	-19.835962	-43.129997	4534710859	-19.836528	-43.130249	68.294412	30.717358
2986121962	-19.835962	-43.129997	1879342609	-19.826506	-43.125969	1145.492112	515.217727
2986121962	-19.835962	-43.129997	2986121965	-19.835953	-43.129693	32.731443	14.721900
2986121965	-19.835953	-43.129693	4420796649	-19.836538	-43.129678	65.123624	29.291206
2986121965	-19.835953	-43.129693	2986121962	-19.835962	-43.129997	32.731443	14.721900
2986121986	-19.839825	-43.128808	8021504038	-19.839747	-43.128821	8.788489	3.952873
2986121986	-19.839825	-43.128808	2986123602	-19.839884	-43.128968	25.719352	11.568012
2986121989	-19.839945	-43.128862	2985976928	-19.839903	-43.128805	7.871024	3.540217
2986123602	-19.839884	-43.128968	2986121989	-19.839945	-43.128862	14.377903	6.466872
2990156543	-19.831872	-43.188357	7979661729	-19.832429	-43.188659	69.438360	31.231882
2990156543	-19.831872	-43.188357	3354179227	-19.831898	-43.188294	7.141591	3.212134
2996378592	-19.819867	-43.189943	2996378597	-19.820066	-43.190548	67.014046	30.141477
2996378592	-19.819867	-43.189943	3266103068	-19.819846	-43.189879	7.141710	3.212188
2996378592	-19.819867	-43.189943	3354331377	-19.821103	-43.189740	140.637699	63.255814
2996378597	-19.820066	-43.190548	2996378592	-19.819867	-43.189943	67.014046	30.141477
2996378597	-19.820066	-43.190548	2996378602	-19.820330	-43.191358	89.633530	40.315235
2996378597	-19.820066	-43.190548	3354331376	-19.821127	-43.190538	118.069080	53.104934
2996378602	-19.820330	-43.191358	2996378597	-19.820066	-43.190548	89.633530	40.315235
2996378628	-19.822104	-43.190495	2996379249	-19.823040	-43.190466	104.111990	46.827335
2996378628	-19.822104	-43.190495	3354331376	-19.821127	-43.190538	108.738784	48.908367
2996378628	-19.822104	-43.190495	3354331373	-19.822349	-43.190811	42.778632	19.240909
2996379236	-19.822406	-43.189723	3266103117	-19.822403	-43.189647	7.939277	3.570916
2996379236	-19.822406	-43.189723	2996379249	-19.823040	-43.190466	104.993671	47.223896
2996379236	-19.822406	-43.189723	2996379258	-19.824131	-43.189664	191.884811	86.305663
2996379242	-19.822681	-43.191217	3354331373	-19.822349	-43.190811	56.300293	25.322661
2996379249	-19.823040	-43.190466	2996379256	-19.824012	-43.190431	108.067607	48.606486
2996379249	-19.823040	-43.190466	2996379256	-19.824012	-43.190431	215.065939	96.732036
2996379249	-19.823040	-43.190466	2996378628	-19.822104	-43.190495	104.111990	46.827335
2996379249	-19.823040	-43.190466	2996379236	-19.822406	-43.189723	104.993671	47.223896
2996379256	-19.824012	-43.190431	3354331372	-19.824844	-43.190423	92.517725	41.612484
2996379256	-19.824012	-43.190431	2996379249	-19.823040	-43.190466	108.067607	48.606486
2996379256	-19.824012	-43.190431	2996379249	-19.823040	-43.190466	215.065939	96.732036
2996379258	-19.824131	-43.189664	3266103116	-19.824124	-43.189591	7.708116	3.466945
2996379258	-19.824131	-43.189664	1379864098	-19.825803	-43.189335	189.119960	85.062092
2996379258	-19.824131	-43.189664	3354331371	-19.824575	-43.189763	63.765837	28.680503
2996379267	-19.825493	-43.189638	3354331371	-19.824575	-43.189763	102.897456	46.281064
2996379267	-19.825493	-43.189638	1378927943	-19.826466	-43.190376	132.981915	59.812406
2996379267	-19.825493	-43.189638	2996379288	-19.827437	-43.190548	275.053035	123.712942
2996379288	-19.827437	-43.190548	1378927943	-19.826466	-43.190376	114.873865	51.667795
2996379288	-19.827437	-43.190548	2996379267	-19.825493	-43.189638	275.053035	123.712942
2996379293	-19.828216	-43.188633	7980741810	-19.828164	-43.188562	9.331490	4.197103
2996379293	-19.828216	-43.188633	2996379302	-19.829389	-43.191128	292.495757	131.558304
2996379293	-19.828216	-43.188633	2996379301	-19.829365	-43.187993	144.395448	64.945968
2996379298	-19.828859	-43.191280	2996379302	-19.829389	-43.191128	61.043389	27.456004
2996379298	-19.828859	-43.191280	2996379307	-19.829566	-43.192962	192.676702	86.661838
2996379301	-19.829365	-43.187993	2996379303	-19.829404	-43.189436	150.982998	67.908907
2996379301	-19.829365	-43.187993	3266103084	-19.829354	-43.187920	7.810778	3.513120
2996379301	-19.829365	-43.187993	2996379313	-19.830003	-43.187880	72.150503	32.451745
2996379302	-19.829389	-43.191128	2996379316	-19.830037	-43.190979	73.768664	33.179559
2996379302	-19.829389	-43.191128	2996379298	-19.828859	-43.191280	61.043389	27.456004
2996379302	-19.829389	-43.191128	2996379293	-19.828216	-43.188633	292.495757	131.558304
2996379302	-19.829389	-43.191128	2996379440	-19.830664	-43.192504	288.271745	129.658434
2996379303	-19.829404	-43.189436	2996379301	-19.829365	-43.187993	150.982998	67.908907
2996379303	-19.829404	-43.189436	2996379317	-19.830044	-43.189278	73.082777	32.871062
2996379303	-19.829404	-43.189436	2996379316	-19.830037	-43.190979	176.041640	79.179745
2996379307	-19.829566	-43.192962	2996379298	-19.828859	-43.191280	192.676702	86.661838
2996379313	-19.830003	-43.187880	2996379437	-19.830632	-43.187915	70.029936	31.497960
2996379313	-19.830003	-43.187880	2996379317	-19.830044	-43.189278	146.323159	65.813011
2996379316	-19.830037	-43.190979	2996379442	-19.830670	-43.190817	72.306166	32.521759
2996379316	-19.830037	-43.190979	2996379302	-19.829389	-43.191128	73.768664	33.179559
2996379316	-19.830037	-43.190979	2996379303	-19.829404	-43.189436	176.041640	79.179745
2996379316	-19.830037	-43.190979	2996379440	-19.830664	-43.192504	174.077085	78.296131
2996379317	-19.830044	-43.189278	2996379303	-19.829404	-43.189436	73.082777	32.871062
2996379317	-19.830044	-43.189278	2996379313	-19.830003	-43.187880	146.323159	65.813011
2996379317	-19.830044	-43.189278	2996379442	-19.830670	-43.190817	175.340174	78.864241
2996379329	-19.830557	-43.188787	2996379508	-19.833189	-43.190483	343.240738	154.382305
2996379329	-19.830557	-43.188787	2996379439	-19.830625	-43.188177	64.355063	28.945524
2996379329	-19.830557	-43.188787	2996379435	-19.830625	-43.189616	89.649742	40.322527
2996379331	-19.830600	-43.193960	2996379436	-19.830671	-43.193711	27.243119	12.253369
2996379331	-19.830600	-43.193960	1377821790	-19.831366	-43.195183	153.902394	69.221988
2996379435	-19.830625	-43.189616	2996379498	-19.832785	-43.190976	279.723479	125.813608
2996379435	-19.830625	-43.189616	2996379329	-19.830557	-43.188787	89.649742	40.322527
2996379435	-19.830625	-43.189616	2996379451	-19.831043	-43.190669	119.638451	53.810803
2996379436	-19.830671	-43.193711	2996379331	-19.830600	-43.193960	27.243119	12.253369
2996379436	-19.830671	-43.193711	2996379494	-19.832626	-43.195361	277.718186	124.911670
2996379436	-19.830671	-43.193711	2996379457	-19.831104	-43.193154	76.113684	34.234299
2996379437	-19.830632	-43.187915	3266103105	-19.830636	-43.187847	7.103247	3.194888
2996379437	-19.830632	-43.187915	2996379439	-19.830625	-43.188177	27.437468	12.340783
2996379437	-19.830632	-43.187915	2990156543	-19.831872	-43.188357	146.706005	65.985207
2996379439	-19.830625	-43.188177	2996379437	-19.830632	-43.187915	27.437468	12.340783
2996379439	-19.830625	-43.188177	7981070444	-19.833190	-43.189580	322.098273	144.872879
2996379439	-19.830625	-43.188177	2996379329	-19.830557	-43.188787	64.355063	28.945524
2996379440	-19.830664	-43.192504	2996379316	-19.830037	-43.190979	174.077085	78.296131
2996379440	-19.830664	-43.192504	2996379442	-19.830670	-43.190817	205.496174	92.427761
2996379440	-19.830664	-43.192504	2996379302	-19.829389	-43.191128	288.271745	129.658434
2996379442	-19.830670	-43.190817	2996379451	-19.831043	-43.190669	44.302001	19.926088
2996379442	-19.830670	-43.190817	2996379316	-19.830037	-43.190979	72.306166	32.521759
2996379442	-19.830670	-43.190817	2996379317	-19.830044	-43.189278	175.340174	78.864241
2996379442	-19.830670	-43.190817	2996379440	-19.830664	-43.192504	205.496174	92.427761
2996379451	-19.831043	-43.190669	2996379442	-19.830670	-43.190817	44.302001	19.926088
2996379451	-19.831043	-43.190669	2996379489	-19.832389	-43.191547	177.749353	79.947838
2996379451	-19.831043	-43.190669	2996379435	-19.830625	-43.189616	119.638451	53.810803
2996379451	-19.831043	-43.190669	1379867095	-19.831406	-43.191649	110.347402	49.631889
2996379457	-19.831104	-43.193154	2996379463	-19.831541	-43.192599	75.718554	34.056578
2996379457	-19.831104	-43.193154	2996379502	-19.833058	-43.194846	280.283005	126.065270
2996379457	-19.831104	-43.193154	2996379436	-19.830671	-43.193711	76.113684	34.234299
2996379463	-19.831541	-43.192599	2996379476	-19.831945	-43.192107	68.278908	30.710385
2996379463	-19.831541	-43.192599	2996379457	-19.831104	-43.193154	75.718554	34.056578
2996379463	-19.831541	-43.192599	2996379517	-19.833451	-43.194305	277.607597	124.861929
2996379463	-19.831541	-43.192599	1379867095	-19.831406	-43.191649	101.931376	45.846542
2996379470	-19.831762	-43.187486	2996379483	-19.832182	-43.186095	153.330926	68.964954
2996379470	-19.831762	-43.187486	3354179228	-19.832181	-43.187676	50.607758	22.762281
2996379476	-19.831945	-43.192107	2996379638	-19.833868	-43.193790	276.832074	124.513116
2996379476	-19.831945	-43.192107	1379867095	-19.831406	-43.191649	76.767111	34.528196
2996379476	-19.831945	-43.192107	2996379463	-19.831541	-43.192599	68.278908	30.710385
2996379476	-19.831945	-43.192107	2996379489	-19.832389	-43.191547	76.579073	34.443621
2996379482	-19.832202	-43.195914	2996379494	-19.832626	-43.195361	74.576278	33.542807
2996379482	-19.832202	-43.195914	1377821790	-19.831366	-43.195183	120.393682	54.150490
2996379482	-19.832202	-43.195914	2996379648	-19.834150	-43.197590	278.670466	125.339985
2996379482	-19.832202	-43.195914	1388531891	-19.831699	-43.196477	81.417743	36.619951
2996379483	-19.832182	-43.186095	2996379470	-19.831762	-43.187486	153.330926	68.964954
2996379483	-19.832182	-43.186095	2996379646	-19.834093	-43.187890	286.813917	129.002734
2996379489	-19.832389	-43.191547	2996379476	-19.831945	-43.192107	76.579073	34.443621
2996379489	-19.832389	-43.191547	2996379498	-19.832785	-43.190976	74.235534	33.389547
2996379489	-19.832389	-43.191547	2996379654	-19.834307	-43.193227	276.257849	124.254842
2996379489	-19.832389	-43.191547	2996379451	-19.831043	-43.190669	177.749353	79.947838
2996379494	-19.832626	-43.195361	2996379661	-19.834554	-43.197057	278.177383	125.118207
2996379494	-19.832626	-43.195361	2996379482	-19.832202	-43.195914	74.576278	33.542807
2996379494	-19.832626	-43.195361	2996379502	-19.833058	-43.194846	72.131350	32.443130
2996379494	-19.832626	-43.195361	2996379436	-19.830671	-43.193711	277.718186	124.911670
2996379498	-19.832785	-43.190976	2996379489	-19.832389	-43.191547	74.235534	33.389547
2996379498	-19.832785	-43.190976	2996379508	-19.833189	-43.190483	68.408174	30.768526
2996379498	-19.832785	-43.190976	2996379670	-19.834708	-43.192693	279.183452	125.570715
2996379498	-19.832785	-43.190976	2996379435	-19.830625	-43.189616	279.723479	125.813608
2996379502	-19.833058	-43.194846	2996379681	-19.834968	-43.196520	275.236103	123.795282
2996379502	-19.833058	-43.194846	2996379494	-19.832626	-43.195361	72.131350	32.443130
2996379502	-19.833058	-43.194846	2996379517	-19.833451	-43.194305	71.604533	32.206180
2996379502	-19.833058	-43.194846	2996379457	-19.831104	-43.193154	280.283005	126.065270
2996379503	-19.833375	-43.189734	7981070444	-19.833190	-43.189580	26.175441	11.773151
2996379503	-19.833375	-43.189734	2996379524	-19.833604	-43.189938	33.222278	14.942667
2996379503	-19.833375	-43.189734	7979661731	-19.833805	-43.189675	48.186860	21.673414
2996379506	-19.833140	-43.189116	3266103092	-19.833176	-43.189065	6.657900	2.994580
2996379506	-19.833140	-43.189116	7981070444	-19.833190	-43.189580	48.885283	21.987549
2996379506	-19.833140	-43.189116	7979661731	-19.833805	-43.189675	94.282837	42.406393
2996379508	-19.833189	-43.190483	2996379691	-19.835132	-43.192154	277.882271	124.985472
2996379508	-19.833189	-43.190483	2996379498	-19.832785	-43.190976	68.408174	30.768526
2996379508	-19.833189	-43.190483	2996379524	-19.833604	-43.189938	73.343337	32.988256
2996379508	-19.833189	-43.190483	2996379329	-19.830557	-43.188787	343.240738	154.382305
2996379517	-19.833451	-43.194305	2996379701	-19.835384	-43.195997	278.434333	125.233778
2996379517	-19.833451	-43.194305	2996379502	-19.833058	-43.194846	71.604533	32.206180
2996379517	-19.833451	-43.194305	2996379638	-19.833868	-43.193790	71.025592	31.945785
2996379517	-19.833451	-43.194305	2996379463	-19.831541	-43.192599	277.607597	124.861929
2996379519	-19.833474	-43.188653	2996379646	-19.834093	-43.187890	105.434126	47.422003
2996379519	-19.833474	-43.188653	3266103092	-19.833176	-43.189065	54.323885	24.433716
2996379519	-19.833474	-43.188653	2996379644	-19.833984	-43.189112	74.310554	33.423290
2996379519	-19.833474	-43.188653	3354179226	-19.832733	-43.188003	106.813813	48.042557
2996379524	-19.833604	-43.189938	2996379503	-19.833375	-43.189734	33.222278	14.942667
2996379524	-19.833604	-43.189938	2996379508	-19.833189	-43.190483	73.343337	32.988256
2996379524	-19.833604	-43.189938	1388531890	-19.835563	-43.191631	280.659098	126.234429
2996379526	-19.833716	-43.198148	2996379648	-19.834150	-43.197590	75.718046	34.056349
2996379526	-19.833716	-43.198148	7782731757	-19.835981	-43.199241	316.028155	142.142670
2996379526	-19.833716	-43.198148	1388531891	-19.831699	-43.196477	284.376777	127.906561
2996379638	-19.833868	-43.193790	2996379724	-19.835800	-43.195445	275.950135	124.116439
2996379638	-19.833868	-43.193790	2996379476	-19.831945	-43.192107	276.832074	124.513116
2996379638	-19.833868	-43.193790	2996379517	-19.833451	-43.194305	71.025592	31.945785
2996379638	-19.833868	-43.193790	2996379654	-19.834307	-43.193227	76.513751	34.414241
2996379644	-19.833984	-43.189112	2996379663	-19.834578	-43.188321	105.849994	47.609052
2996379644	-19.833984	-43.189112	2996379658	-19.834478	-43.189538	70.746581	31.820291
2996379644	-19.833984	-43.189112	2996379519	-19.833474	-43.188653	74.310554	33.423290
2996379646	-19.834093	-43.187890	2996379666	-19.834588	-43.187269	85.096150	38.274419
2996379646	-19.834093	-43.187890	2996379519	-19.833474	-43.188653	105.434126	47.422003
2996379646	-19.834093	-43.187890	2996379483	-19.832182	-43.186095	286.813917	129.002734
2996379646	-19.834093	-43.187890	2996379663	-19.834578	-43.188321	70.214623	31.581028
2996379648	-19.834150	-43.197590	2996379526	-19.833716	-43.198148	75.718046	34.056349
2996379648	-19.834150	-43.197590	2996379661	-19.834554	-43.197057	71.633927	32.219400
2996379648	-19.834150	-43.197590	2996379482	-19.832202	-43.195914	278.670466	125.339985
2996379648	-19.834150	-43.197590	1399759122	-19.835992	-43.199157	262.352887	118.000689
2996379649	-19.834141	-43.189962	7782963039	-19.834726	-43.190485	85.049982	38.253654
2996379649	-19.834141	-43.189962	3266103093	-19.834170	-43.189922	5.289332	2.379028
2996379654	-19.834307	-43.193227	2996379638	-19.833868	-43.193790	76.513751	34.414241
2996379654	-19.834307	-43.193227	2996379670	-19.834708	-43.192693	71.461242	32.141731
2996379654	-19.834307	-43.193227	2996379758	-19.836227	-43.194919	277.338531	124.740909
2996379654	-19.834307	-43.193227	2996379489	-19.832389	-43.191547	276.257849	124.254842
2996379658	-19.834478	-43.189538	2996379689	-19.835089	-43.188754	106.504726	47.903536
2996379658	-19.834478	-43.189538	3266103093	-19.834170	-43.189922	52.738505	23.720646
2996379658	-19.834478	-43.189538	2996379680	-19.834983	-43.189992	73.468398	33.044506
2996379658	-19.834478	-43.189538	2996379644	-19.833984	-43.189112	70.746581	31.820291
2996379661	-19.834554	-43.197057	2996379494	-19.832626	-43.195361	278.177383	125.118207
2996379661	-19.834554	-43.197057	2996379743	-19.836098	-43.198379	220.483815	99.168880
2996379661	-19.834554	-43.197057	2996379648	-19.834150	-43.197590	71.633927	32.219400
2996379661	-19.834554	-43.197057	2996379681	-19.834968	-43.196520	72.569123	32.640031
2996379663	-19.834578	-43.188321	2996379644	-19.833984	-43.189112	105.849994	47.609052
2996379663	-19.834578	-43.188321	2996379685	-19.835019	-43.187745	77.660631	34.930082
2996379663	-19.834578	-43.188321	2996379646	-19.834093	-43.187890	70.214623	31.581028
2996379663	-19.834578	-43.188321	2996379689	-19.835089	-43.188754	72.669400	32.685134
2996379666	-19.834588	-43.187269	2996379646	-19.834093	-43.187890	85.096150	38.274419
2996379670	-19.834708	-43.192693	2996379654	-19.834307	-43.193227	71.461242	32.141731
2996379670	-19.834708	-43.192693	2996379691	-19.835132	-43.192154	73.494760	33.056363
2996379670	-19.834708	-43.192693	7782776350	-19.836627	-43.194340	274.305905	123.376899
2996379670	-19.834708	-43.192693	2996379498	-19.832785	-43.190976	279.183452	125.570715
2996379680	-19.834983	-43.189992	2996379715	-19.835588	-43.189198	106.905831	48.083945
2996379680	-19.834983	-43.189992	2996379658	-19.834478	-43.189538	73.468398	33.044506
2996379680	-19.834983	-43.189992	2996379706	-19.835475	-43.190416	70.415250	31.671266
2996379681	-19.834968	-43.196520	2996379502	-19.833058	-43.194846	275.236103	123.795282
2996379681	-19.834968	-43.196520	2996379752	-19.836204	-43.197604	178.170164	80.137110
2996379681	-19.834968	-43.196520	2996379661	-19.834554	-43.197057	72.569123	32.640031
2996379681	-19.834968	-43.196520	2996379701	-19.835384	-43.195997	71.661925	32.231994
2996379685	-19.835019	-43.187745	2996379663	-19.834578	-43.188321	77.660631	34.930082
2996379689	-19.835089	-43.188754	2996379658	-19.834478	-43.189538	106.504726	47.903536
2996379689	-19.835089	-43.188754	2996379715	-19.835588	-43.189198	72.401576	32.564672
2996379689	-19.835089	-43.188754	2996379663	-19.834578	-43.188321	72.669400	32.685134
2996379691	-19.835132	-43.192154	2996379670	-19.834708	-43.192693	73.494760	33.056363
2996379691	-19.835132	-43.192154	1388531890	-19.835563	-43.191631	72.772959	32.731712
2996379691	-19.835132	-43.192154	2996379508	-19.833189	-43.190483	277.882271	124.985472
2996379691	-19.835132	-43.192154	2996379800	-19.836731	-43.193551	230.221153	103.548526
2996379701	-19.835384	-43.195997	2996379517	-19.833451	-43.194305	278.434333	125.233778
2996379701	-19.835384	-43.195997	2996379766	-19.836325	-43.196807	134.643618	60.559805
2996379701	-19.835384	-43.195997	2996379681	-19.834968	-43.196520	71.661925	32.231994
2996379701	-19.835384	-43.195997	2996379724	-19.835800	-43.195445	74.052305	33.307135
2996379706	-19.835475	-43.190416	2996379740	-19.836060	-43.189703	98.929336	44.496289
2996379706	-19.835475	-43.190416	3354196063	-19.836818	-43.191184	176.713649	79.482001
2996379706	-19.835475	-43.190416	2996379680	-19.834983	-43.189992	70.415250	31.671266
2996379715	-19.835588	-43.189198	2996379680	-19.834983	-43.189992	106.905831	48.083945
2996379715	-19.835588	-43.189198	2996379689	-19.835089	-43.188754	72.401576	32.564672
2996379715	-19.835588	-43.189198	2996379740	-19.836060	-43.189703	75.744198	34.068112
2996379724	-19.835800	-43.195445	2996379772	-19.836413	-43.195984	88.478821	39.795872
2996379724	-19.835800	-43.195445	2996379638	-19.833868	-43.193790	275.950135	124.116439
2996379724	-19.835800	-43.195445	2996379701	-19.835384	-43.195997	74.052305	33.307135
2996379724	-19.835800	-43.195445	2996379758	-19.836227	-43.194919	72.605886	32.656567
2996379740	-19.836060	-43.189703	2996379706	-19.835475	-43.190416	98.929336	44.496289
2996379740	-19.836060	-43.189703	2996379746	-19.836109	-43.190374	70.349842	31.641847
2996379740	-19.836060	-43.189703	2996379746	-19.836109	-43.190374	232.728010	104.676056
2996379740	-19.836060	-43.189703	2996379715	-19.835588	-43.189198	75.744198	34.068112
2996379743	-19.836098	-43.198379	2996379661	-19.834554	-43.197057	220.483815	99.168880
2996379743	-19.836098	-43.198379	1377821788	-19.836734	-43.198945	92.181626	41.461314
2996379743	-19.836098	-43.198379	1399759122	-19.835992	-43.199157	82.205393	36.974218
2996379743	-19.836098	-43.198379	2996379752	-19.836204	-43.197604	81.934606	36.852424
2996379746	-19.836109	-43.190374	2996379740	-19.836060	-43.189703	70.349842	31.641847
2996379746	-19.836109	-43.190374	2996379740	-19.836060	-43.189703	232.728010	104.676056
2996379746	-19.836109	-43.190374	3354196063	-19.836818	-43.191184	119.578754	53.783953
2996379752	-19.836204	-43.197604	2996379681	-19.834968	-43.196520	178.170164	80.137110
2996379752	-19.836204	-43.197604	2996379743	-19.836098	-43.198379	81.934606	36.852424
2996379752	-19.836204	-43.197604	2996379766	-19.836325	-43.196807	84.403417	37.962843
2996379752	-19.836204	-43.197604	1377821785	-19.837508	-43.197824	254.683164	114.551012
2996379758	-19.836227	-43.194919	2996379724	-19.835800	-43.195445	72.605886	32.656567
2996379758	-19.836227	-43.194919	2996379782	-19.836514	-43.195182	42.185173	18.973984
2996379758	-19.836227	-43.194919	2996379654	-19.834307	-43.193227	277.338531	124.740909
2996379758	-19.836227	-43.194919	7782776349	-19.836616	-43.194414	68.283323	30.712371
2996379766	-19.836325	-43.196807	2996379701	-19.835384	-43.195997	134.643618	60.559805
2996379766	-19.836325	-43.196807	1377821785	-19.837508	-43.197824	169.172465	76.090138
2996379766	-19.836325	-43.196807	2996379752	-19.836204	-43.197604	84.403417	37.962843
2996379766	-19.836325	-43.196807	2996379772	-19.836413	-43.195984	86.683349	38.988307
2996379772	-19.836413	-43.195984	1379867097	-19.837613	-43.197049	173.790336	78.167157
2996379772	-19.836413	-43.195984	2996379724	-19.835800	-43.195445	88.478821	39.795872
2996379772	-19.836413	-43.195984	2996379766	-19.836325	-43.196807	86.683349	38.988307
2996379772	-19.836413	-43.195984	2996379782	-19.836514	-43.195182	84.645377	38.071671
2996379782	-19.836514	-43.195182	3206481872	-19.837739	-43.196206	173.310764	77.951456
2996379782	-19.836514	-43.195182	2996379758	-19.836227	-43.194919	42.185173	18.973984
2996379782	-19.836514	-43.195182	7782776349	-19.836616	-43.194414	81.082889	36.469340
2996379782	-19.836514	-43.195182	2996379772	-19.836413	-43.195984	84.645377	38.071671
2996379800	-19.836731	-43.193551	2996379960	-19.837470	-43.194236	109.068658	49.056738
2996379800	-19.836731	-43.193551	7782776350	-19.836627	-43.194340	83.345374	37.486958
2996379800	-19.836731	-43.193551	1399759170	-19.836842	-43.192749	84.791656	38.137464
2996379800	-19.836731	-43.193551	2996379691	-19.835132	-43.192154	230.221153	103.548526
2996379826	-19.837051	-43.191632	7782804978	-19.836962	-43.191646	10.018196	4.505969
2996379826	-19.837051	-43.191632	2996379948	-19.837240	-43.191526	23.748660	10.681637
2996379948	-19.837240	-43.191526	3354196063	-19.836818	-43.191184	59.017257	26.544694
2996379948	-19.837240	-43.191526	2996379826	-19.837051	-43.191632	23.748660	10.681637
2996379948	-19.837240	-43.191526	3206481871	-19.837679	-43.191130	64.117727	28.838775
2996379948	-19.837240	-43.191526	3206481865	-19.837467	-43.192667	129.525800	58.257920
2996379960	-19.837470	-43.194236	2996379800	-19.836731	-43.193551	109.068658	49.056738
2996379960	-19.837470	-43.194236	3206481865	-19.837467	-43.192667	164.796448	74.121900
2996379960	-19.837470	-43.194236	3206481878	-19.837838	-43.195103	102.565311	46.131672
3206481865	-19.837467	-43.192667	3206481885	-19.838089	-43.192789	70.321648	31.629165
3206481865	-19.837467	-43.192667	2996379960	-19.837470	-43.194236	164.796448	74.121900
3206481865	-19.837467	-43.192667	2996379948	-19.837240	-43.191526	129.525800	58.257920
3206481871	-19.837679	-43.191130	1380061796	-19.837921	-43.190839	40.702055	18.306909
3206481871	-19.837679	-43.191130	3206481885	-19.838089	-43.192789	187.034136	84.123934
3206481871	-19.837679	-43.191130	2996379948	-19.837240	-43.191526	64.117727	28.838775
3206481872	-19.837739	-43.196206	2996379782	-19.836514	-43.195182	173.310764	77.951456
3206481872	-19.837739	-43.196206	3206481875	-19.837776	-43.195748	48.150699	21.657149
3206481872	-19.837739	-43.196206	3354212487	-19.837703	-43.196491	30.013982	13.499644
3206481875	-19.837776	-43.195748	3206481877	-19.837817	-43.195374	39.401997	17.722171
3206481875	-19.837776	-43.195748	3206481872	-19.837739	-43.196206	48.150699	21.657149
3206481875	-19.837776	-43.195748	3206481878	-19.837838	-43.195103	149.982587	67.458943
3206481877	-19.837817	-43.195374	7782776350	-19.836627	-43.194340	170.891098	76.863142
3206481877	-19.837817	-43.195374	3206481875	-19.837776	-43.195748	39.401997	17.722171
3206481877	-19.837817	-43.195374	3206481878	-19.837838	-43.195103	28.382167	12.765689
3206481878	-19.837838	-43.195103	2996379960	-19.837470	-43.194236	102.565311	46.131672
3206481878	-19.837838	-43.195103	3206481877	-19.837817	-43.195374	28.382167	12.765689
3206481878	-19.837838	-43.195103	3206481875	-19.837776	-43.195748	149.982587	67.458943
3206481885	-19.838089	-43.192789	3206481865	-19.837467	-43.192667	70.321648	31.629165
3206481885	-19.838089	-43.192789	3206481871	-19.837679	-43.191130	187.034136	84.123934
3266103064	-19.818976	-43.190540	7979661727	-19.817376	-43.190671	197.871063	88.998151
3266103065	-19.819185	-43.190355	3266103064	-19.818976	-43.190540	30.276729	13.617822
3266103065	-19.819185	-43.190355	7980741811	-19.819228	-43.190418	8.084850	3.636392
3266103068	-19.819846	-43.189879	2996378592	-19.819867	-43.189943	7.141710	3.212188
3266103068	-19.819846	-43.189879	3266103065	-19.819185	-43.190355	89.093850	40.072498
3266103073	-19.821102	-43.189666	3354331377	-19.821103	-43.189740	7.690005	3.458799
3266103073	-19.821102	-43.189666	3266103068	-19.819846	-43.189879	142.601700	64.139179
3266103079	-19.827009	-43.189039	3266103112	-19.827021	-43.189116	8.126658	3.655196
3266103079	-19.827009	-43.189039	8403620732	-19.825785	-43.189274	138.257611	62.185301
3266103084	-19.829354	-43.187920	2996379301	-19.829365	-43.187993	7.810778	3.513120
3266103092	-19.833176	-43.189065	2996379519	-19.833474	-43.188653	54.323885	24.433716
3266103092	-19.833176	-43.189065	2996379506	-19.833140	-43.189116	6.657900	2.994580
3266103092	-19.833176	-43.189065	3354179225	-19.832459	-43.188592	93.887293	42.228486
3266103093	-19.834170	-43.189922	2996379658	-19.834478	-43.189538	52.738505	23.720646
3266103093	-19.834170	-43.189922	2996379649	-19.834141	-43.189962	5.289332	2.379028
3266103093	-19.834170	-43.189922	7979661730	-19.833843	-43.189626	47.758451	21.480725
3266103105	-19.830636	-43.187847	2996379437	-19.830632	-43.187915	7.103247	3.194888
3266103112	-19.827021	-43.189116	3266103079	-19.827009	-43.189039	8.126658	3.655196
3266103116	-19.824124	-43.189591	2996379258	-19.824131	-43.189664	7.708116	3.466945
3266103116	-19.824124	-43.189591	3266103117	-19.822403	-43.189647	191.498748	86.132020
3266103117	-19.822403	-43.189647	2996379236	-19.822406	-43.189723	7.939277	3.570916
3266103117	-19.822403	-43.189647	3266103073	-19.821102	-43.189666	144.634564	65.053517
3301043727	-19.822729	-43.123447	3429158406	-19.823854	-43.122706	149.624857	67.298044
3301043727	-19.822729	-43.123447	1399741171	-19.823157	-43.124418	125.195860	56.310406
3301043727	-19.822729	-43.123447	3301043735	-19.823110	-43.122741	85.261339	38.348717
3301043735	-19.823110	-43.122741	3358081287	-19.823070	-43.122688	7.128684	3.206329
3301043735	-19.823110	-43.122741	3429158406	-19.823854	-43.122706	132.720966	59.695037
3301043735	-19.823110	-43.122741	3301043727	-19.822729	-43.123447	85.261339	38.348717
3345511119	-19.825628	-43.107617	3345511120	-19.827176	-43.111789	480.752794	216.232272
3345511120	-19.827176	-43.111789	3345511119	-19.825628	-43.107617	480.752794	216.232272
3345511120	-19.827176	-43.111789	3345511122	-19.828317	-43.112177	133.481227	60.036986
3345511120	-19.827176	-43.111789	7938192717	-19.826400	-43.115908	455.972983	205.086845
3345511122	-19.828317	-43.112177	3345511132	-19.828319	-43.113346	128.244364	57.681558
3345511122	-19.828317	-43.112177	7845300083	-19.827280	-43.108283	448.482580	201.717823
3345511122	-19.828317	-43.112177	3358059847	-19.827722	-43.114761	279.137136	125.549883
3345511122	-19.828317	-43.112177	3345511120	-19.827176	-43.111789	133.481227	60.036986
3345511131	-19.828136	-43.114438	3345511132	-19.828319	-43.113346	116.054656	52.198889
3345511131	-19.828136	-43.114438	3345511132	-19.828319	-43.113346	169.600451	76.282637
3345511131	-19.828136	-43.114438	3358059847	-19.827722	-43.114761	57.150290	25.704972
3345511132	-19.828319	-43.113346	3345511131	-19.828136	-43.114438	116.054656	52.198889
3345511132	-19.828319	-43.113346	3345511131	-19.828136	-43.114438	169.600451	76.282637
3345511132	-19.828319	-43.113346	3345511122	-19.828317	-43.112177	128.244364	57.681558
3345511152	-19.826971	-43.107504	7845301290	-19.826920	-43.107526	6.138283	2.760868
3345511152	-19.826971	-43.107504	3345511196	-19.826852	-43.107165	37.829623	17.014951
3345511152	-19.826971	-43.107504	7845300083	-19.827280	-43.108283	88.454372	39.784875
3345511153	-19.826723	-43.107628	7845301290	-19.826920	-43.107526	24.341134	10.948119
3345511153	-19.826723	-43.107628	3345511163	-19.826264	-43.106856	95.554318	42.978278
3345511153	-19.826723	-43.107628	7845300083	-19.827280	-43.108283	107.674341	48.429604
3345511163	-19.826264	-43.106856	3345511164	-19.826598	-43.106690	41.014929	18.447633
3345511163	-19.826264	-43.106856	3345511153	-19.826723	-43.107628	95.554318	42.978278
3345511163	-19.826264	-43.106856	3345511190	-19.826442	-43.105159	183.380692	82.480693
3345511164	-19.826598	-43.106690	3345511163	-19.826264	-43.106856	41.014929	18.447633
3345511164	-19.826598	-43.106690	3345511190	-19.826442	-43.105159	183.247949	82.420988
3345511164	-19.826598	-43.106690	7845301290	-19.826920	-43.107526	94.473250	42.492037
3345511177	-19.826487	-43.104541	3345511190	-19.826442	-43.105159	66.741259	30.018784
3345511190	-19.826442	-43.105159	3345511177	-19.826487	-43.104541	66.741259	30.018784
3345511190	-19.826442	-43.105159	3345511163	-19.826264	-43.106856	183.380692	82.480693
3345511190	-19.826442	-43.105159	3345511164	-19.826598	-43.106690	183.247949	82.420988
3345511196	-19.826852	-43.107165	3345511220	-19.826341	-43.102874	504.016078	226.695597
3345511196	-19.826852	-43.107165	2985976840	-19.826055	-43.102422	516.912036	232.495921
3345511196	-19.826852	-43.107165	3345511152	-19.826971	-43.107504	37.829623	17.014951
3345511220	-19.826341	-43.102874	2985976840	-19.826055	-43.102422	57.367199	25.802533
3345511220	-19.826341	-43.102874	3345511196	-19.826852	-43.107165	504.016078	226.695597
3345511220	-19.826341	-43.102874	3345511228	-19.825911	-43.102043	113.254224	50.939315
3345511228	-19.825911	-43.102043	3345511220	-19.826341	-43.102874	113.254224	50.939315
3345511228	-19.825911	-43.102043	1879120556	-19.825600	-43.101349	80.498983	36.206712
3345511228	-19.825911	-43.102043	2985976840	-19.826055	-43.102422	42.696856	19.204128
3354179225	-19.832459	-43.188592	3354179227	-19.831898	-43.188294	69.746566	31.370506
3354179225	-19.832459	-43.188592	3354179226	-19.832733	-43.188003	68.755839	30.924898
3354179225	-19.832459	-43.188592	7979661729	-19.832429	-43.188659	7.752344	3.486838
3354179226	-19.832733	-43.188003	3354179225	-19.832459	-43.188592	68.755839	30.924898
3354179226	-19.832733	-43.188003	2996379519	-19.833474	-43.188653	106.813813	48.042557
3354179226	-19.832733	-43.188003	3354179228	-19.832181	-43.187676	70.449940	31.686869
3354179227	-19.831898	-43.188294	3354179228	-19.832181	-43.187676	71.994716	32.381676
3354179227	-19.831898	-43.188294	2990156543	-19.831872	-43.188357	7.141591	3.212134
3354179227	-19.831898	-43.188294	3266103105	-19.830636	-43.187847	149.114226	67.068373
3354179228	-19.832181	-43.187676	3354179227	-19.831898	-43.188294	71.994716	32.381676
3354179228	-19.832181	-43.187676	3354179226	-19.832733	-43.188003	70.449940	31.686869
3354179228	-19.832181	-43.187676	2996379470	-19.831762	-43.187486	50.607758	22.762281
3354196063	-19.836818	-43.191184	2996379948	-19.837240	-43.191526	59.017257	26.544694
3354196063	-19.836818	-43.191184	2996379706	-19.835475	-43.190416	176.713649	79.482001
3354196063	-19.836818	-43.191184	2996379746	-19.836109	-43.190374	119.578754	53.783953
3354212487	-19.837703	-43.196491	3206481872	-19.837739	-43.196206	30.013982	13.499644
3354212487	-19.837703	-43.196491	1379867097	-19.837613	-43.197049	59.218577	26.635243
3354212487	-19.837703	-43.196491	3354212492	-19.838129	-43.197244	92.017713	41.387589
3354212492	-19.838129	-43.197244	3354212487	-19.837703	-43.196491	92.017713	41.387589
3354331371	-19.824575	-43.189763	2996379267	-19.825493	-43.189638	102.897456	46.281064
3354331371	-19.824575	-43.189763	3354331372	-19.824844	-43.190423	75.267170	33.853555
3354331371	-19.824575	-43.189763	2996379258	-19.824131	-43.189664	63.765837	28.680503
3354331372	-19.824844	-43.190423	1378927943	-19.826466	-43.190376	180.513493	81.191089
3354331372	-19.824844	-43.190423	2996379256	-19.824012	-43.190431	92.517725	41.612484
3354331372	-19.824844	-43.190423	3354331371	-19.824575	-43.189763	75.267170	33.853555
3354331373	-19.822349	-43.190811	2996379242	-19.822681	-43.191217	56.300293	25.322661
3354331373	-19.822349	-43.190811	2996378628	-19.822104	-43.190495	42.778632	19.240909
3354331373	-19.822349	-43.190811	7976332037	-19.822016	-43.191117	48.876366	21.983539
3354331376	-19.821127	-43.190538	2996378628	-19.822104	-43.190495	108.738784	48.908367
3354331376	-19.821127	-43.190538	3354331377	-19.821103	-43.189740	83.519374	37.565219
3354331376	-19.821127	-43.190538	2996378597	-19.820066	-43.190548	118.069080	53.104934
3354331377	-19.821103	-43.189740	2996379236	-19.822406	-43.189723	144.887117	65.167111
3354331377	-19.821103	-43.189740	3354331376	-19.821127	-43.190538	83.519374	37.565219
3354331377	-19.821103	-43.189740	3266103073	-19.821102	-43.189666	7.690005	3.458799
3354332001	-19.819253	-43.191924	3354332004	-19.817934	-43.191881	146.777825	66.017511
3354332004	-19.817934	-43.191881	3354332001	-19.819253	-43.191924	146.777825	66.017511
3354332013	-19.817262	-43.191283	3354332015	-19.817357	-43.190735	58.594277	26.354446
3354332015	-19.817357	-43.190735	7979661727	-19.817376	-43.190671	7.080636	3.184718
3354332015	-19.817357	-43.190735	3354332013	-19.817262	-43.191283	58.594277	26.354446
3354446103	-19.846055	-43.204761	3354446108	-19.845519	-43.205004	69.140161	31.097758
3354446108	-19.845519	-43.205004	6179019429	-19.845226	-43.204701	45.599863	20.509838
3354446108	-19.845519	-43.205004	3354446160	-19.845164	-43.205402	60.494791	27.209256
3354446108	-19.845519	-43.205004	3354446103	-19.846055	-43.204761	69.140161	31.097758
3354446117	-19.845370	-43.206232	3354446147	-19.845490	-43.206469	28.068521	12.624618
3354446117	-19.845370	-43.206232	3354446157	-19.845177	-43.205511	78.840239	35.460645
3354446117	-19.845370	-43.206232	3354446151	-19.844611	-43.206086	85.754164	38.570380
3354446121	-19.845229	-43.207092	3354446147	-19.845490	-43.206469	71.392685	32.110895
3354446121	-19.845229	-43.207092	3427484496	-19.849558	-43.213237	920.656805	414.091639
3354446121	-19.845229	-43.207092	3915804026	-19.838555	-43.204134	816.571210	367.276176
3354446134	-19.847068	-43.207124	3354446147	-19.845490	-43.206469	192.204981	86.449669
3354446147	-19.845490	-43.206469	3354446117	-19.845370	-43.206232	28.068521	12.624618
3354446147	-19.845490	-43.206469	3354446121	-19.845229	-43.207092	71.392685	32.110895
3354446147	-19.845490	-43.206469	3354446134	-19.847068	-43.207124	192.204981	86.449669
3354446151	-19.844611	-43.206086	3354446117	-19.845370	-43.206232	85.754164	38.570380
3354446157	-19.845177	-43.205511	3354446160	-19.845164	-43.205402	11.455109	5.152262
3354446157	-19.845177	-43.205511	3354446117	-19.845370	-43.206232	78.840239	35.460645
3354446157	-19.845177	-43.205511	6179019433	-19.846319	-43.206161	145.413157	65.403712
3354446160	-19.845164	-43.205402	3354446157	-19.845177	-43.205511	11.455109	5.152262
3354446160	-19.845164	-43.205402	3354446163	-19.845053	-43.205382	12.602426	5.668300
3354446160	-19.845164	-43.205402	3354446108	-19.845519	-43.205004	60.494791	27.209256
3354446163	-19.845053	-43.205382	3354446166	-19.844395	-43.205546	75.151278	33.801429
3354446163	-19.845053	-43.205382	3354446160	-19.845164	-43.205402	12.602426	5.668300
3354446163	-19.845053	-43.205382	3429194108	-19.844535	-43.205170	61.649860	27.728782
3354446166	-19.844395	-43.205546	3354446163	-19.845053	-43.205382	75.151278	33.801429
3354446170	-19.849625	-43.207614	6179019426	-19.849919	-43.206918	79.792927	35.889143
3354446170	-19.849625	-43.207614	3354450532	-19.851252	-43.206951	196.870403	88.548075
3354446170	-19.849625	-43.207614	2984940572	-19.849432	-43.207592	21.709080	9.764277
3354450532	-19.851252	-43.206951	1396320602	-19.851413	-43.206690	32.659356	14.689476
3354450532	-19.851252	-43.206951	3354446170	-19.849625	-43.207614	196.870403	88.548075
3354450532	-19.851252	-43.206951	3354450558	-19.851951	-43.206305	250.336870	112.596142
3354450553	-19.851543	-43.206407	1396320602	-19.851413	-43.206690	32.973370	14.830713
3354450553	-19.851543	-43.206407	6179019481	-19.851593	-43.205181	128.914581	57.983007
3354450553	-19.851543	-43.206407	3354450558	-19.851951	-43.206305	48.076203	21.623643
3354450558	-19.851951	-43.206305	3354450532	-19.851252	-43.206951	250.336870	112.596142
3354450558	-19.851951	-43.206305	6179019469	-19.853673	-43.207482	285.081817	128.223673
3354450558	-19.851951	-43.206305	3354450553	-19.851543	-43.206407	48.076203	21.623643
3354450561	-19.851693	-43.204166	3354450571	-19.851696	-43.203774	40.957326	18.421725
3354450561	-19.851693	-43.204166	3354450563	-19.852457	-43.204341	86.830805	39.054629
3354450561	-19.851693	-43.204166	3429188228	-19.851647	-43.204830	69.631460	31.318734
3354450563	-19.852457	-43.204341	3354450564	-19.853255	-43.204530	90.951631	40.908088
3354450563	-19.852457	-43.204341	3354450561	-19.851693	-43.204166	86.830805	39.054629
3354450563	-19.852457	-43.204341	3354450577	-19.852542	-43.203963	40.686424	18.299879
3354450564	-19.853255	-43.204530	3354450566	-19.853975	-43.204700	82.037174	36.898557
3354450564	-19.853255	-43.204530	3354450563	-19.852457	-43.204341	90.951631	40.908088
3354450564	-19.853255	-43.204530	3354450579	-19.853360	-43.204155	40.898111	18.395091
3354450566	-19.853975	-43.204700	3354450564	-19.853255	-43.204530	82.037174	36.898557
3354450566	-19.853975	-43.204700	3354450581	-19.854036	-43.204301	42.258176	19.006819
3354450566	-19.853975	-43.204700	3354450576	-19.854495	-43.204380	110.591109	49.741503
3354450571	-19.851696	-43.203774	3354450561	-19.851693	-43.204166	40.957326	18.421725
3354450571	-19.851696	-43.203774	3354450577	-19.852542	-43.203963	96.171080	43.255684
3354450571	-19.851696	-43.203774	3429188240	-19.851715	-43.203467	32.322343	14.537895
3354450576	-19.854495	-43.204380	3354450581	-19.854036	-43.204301	51.726603	23.265514
3354450576	-19.854495	-43.204380	3354450566	-19.853975	-43.204700	110.591109	49.741503
3354450576	-19.854495	-43.204380	3915541448	-19.854553	-43.201083	346.075851	155.657478
3354450577	-19.852542	-43.203963	3354450579	-19.853360	-43.204155	93.078137	41.864545
3354450577	-19.852542	-43.203963	3354450571	-19.851696	-43.203774	96.171080	43.255684
3354450577	-19.852542	-43.203963	3354450578	-19.852589	-43.203758	22.103439	9.941651
3354450577	-19.852542	-43.203963	3354450563	-19.852457	-43.204341	40.686424	18.299879
3354450578	-19.852589	-43.203758	3354450577	-19.852542	-43.203963	22.103439	9.941651
3354450579	-19.853360	-43.204155	3354450581	-19.854036	-43.204301	76.718185	34.506190
3354450579	-19.853360	-43.204155	3354450577	-19.852542	-43.203963	93.078137	41.864545
3354450579	-19.853360	-43.204155	3354450564	-19.853255	-43.204530	40.898111	18.395091
3354450579	-19.853360	-43.204155	3354450580	-19.853404	-43.203961	20.848333	9.377132
3354450580	-19.853404	-43.203961	3354450579	-19.853360	-43.204155	20.848333	9.377132
3354450581	-19.854036	-43.204301	3354450576	-19.854495	-43.204380	51.726603	23.265514
3354450581	-19.854036	-43.204301	3354450579	-19.853360	-43.204155	76.718185	34.506190
3354450581	-19.854036	-43.204301	3354450566	-19.853975	-43.204700	42.258176	19.006819
3358041651	-19.833292	-43.127189	3358042439	-19.833752	-43.127258	51.593290	23.205553
3358041651	-19.833292	-43.127189	3358042424	-19.834645	-43.127774	165.244631	74.323483
3358041651	-19.833292	-43.127189	3358059619	-19.832041	-43.126408	161.412373	72.599816
3358041665	-19.836647	-43.129039	4534710844	-19.836519	-43.129048	14.277984	6.421930
3358041665	-19.836647	-43.129039	3358042419	-19.835865	-43.128409	155.787281	70.069770
3358041688	-19.834387	-43.128118	3358041692	-19.834005	-43.128008	44.125157	19.846547
3358041688	-19.834387	-43.128118	3358042422	-19.834598	-43.128207	25.268435	11.365199
3358041688	-19.834387	-43.128118	3358042421	-19.834539	-43.128055	18.172271	8.173497
3358041692	-19.834005	-43.128008	3358041688	-19.834387	-43.128118	44.125157	19.846547
3358042417	-19.835622	-43.128443	3358042418	-19.835748	-43.128267	23.122825	10.400149
3358042417	-19.835622	-43.128443	3358042422	-19.834598	-43.128207	117.873675	53.017045
3358042417	-19.835622	-43.128443	3358042419	-19.835865	-43.128409	27.353269	12.302912
3358042418	-19.835748	-43.128267	3358042417	-19.835622	-43.128443	23.122825	10.400149
3358042418	-19.835748	-43.128267	3358042419	-19.835865	-43.128409	19.727693	8.873092
3358042418	-19.835748	-43.128267	3358042424	-19.834645	-43.127774	150.764244	67.810516
3358042419	-19.835865	-43.128409	3358042418	-19.835748	-43.128267	19.727693	8.873092
3358042419	-19.835865	-43.128409	3358042417	-19.835622	-43.128443	27.353269	12.302912
3358042419	-19.835865	-43.128409	3358041665	-19.836647	-43.129039	155.787281	70.069770
3358042421	-19.834539	-43.128055	3358042424	-19.834645	-43.127774	31.673015	14.245841
3358042421	-19.834539	-43.128055	3358041688	-19.834387	-43.128118	18.172271	8.173497
3358042421	-19.834539	-43.128055	3358042422	-19.834598	-43.128207	17.207855	7.739723
3358042422	-19.834598	-43.128207	3358041688	-19.834387	-43.128118	25.268435	11.365199
3358042422	-19.834598	-43.128207	3358042417	-19.835622	-43.128443	117.873675	53.017045
3358042422	-19.834598	-43.128207	3358042421	-19.834539	-43.128055	17.207855	7.739723
3358042424	-19.834645	-43.127774	3358042421	-19.834539	-43.128055	31.673015	14.245841
3358042424	-19.834645	-43.127774	3358041651	-19.833292	-43.127189	165.244631	74.323483
3358042439	-19.833752	-43.127258	3358041651	-19.833292	-43.127189	51.593290	23.205553
3358042439	-19.833752	-43.127258	8013022900	-19.835558	-43.127484	202.345751	91.010769
3358042446	-19.835712	-43.129227	8013149776	-19.835516	-43.129194	22.455004	10.099778
3358042446	-19.835712	-43.129227	3358042450	-19.835413	-43.129288	85.393492	38.408157
3358042446	-19.835712	-43.129227	4534710844	-19.836519	-43.129048	92.361431	41.542186
3358042450	-19.835413	-43.129288	3358042446	-19.835712	-43.129227	85.393492	38.408157
3358059619	-19.832041	-43.126408	3358041651	-19.833292	-43.127189	161.412373	72.599816
3358059619	-19.832041	-43.126408	3358059656	-19.830189	-43.125939	277.909718	124.997817
3358059619	-19.832041	-43.126408	3358059654	-19.830330	-43.126069	203.042317	91.324069
3358059654	-19.830330	-43.126069	8134110037	-19.830245	-43.125887	21.265033	9.564555
3358059654	-19.830330	-43.126069	3358059619	-19.832041	-43.126408	203.042317	91.324069
3358059656	-19.830189	-43.125939	8134110037	-19.830245	-43.125887	8.145983	3.663888
3358059656	-19.830189	-43.125939	3358059654	-19.830330	-43.126069	20.768489	9.341220
3358059656	-19.830189	-43.125939	3358059619	-19.832041	-43.126408	277.909718	124.997817
3358059685	-19.827735	-43.123874	3358059814	-19.827755	-43.124640	80.161392	36.054871
3358059685	-19.827735	-43.123874	1879342336	-19.827153	-43.119458	481.793793	216.700491
3358059809	-19.829516	-43.125699	3358059656	-19.830189	-43.125939	80.518124	36.215321
3358059809	-19.829516	-43.125699	3358059813	-19.829531	-43.125537	17.053285	7.670201
3358059813	-19.829531	-43.125537	3358059815	-19.827952	-43.124591	239.258921	107.613519
3358059813	-19.829531	-43.125537	3358059809	-19.829516	-43.125699	17.053285	7.670201
3358059814	-19.827755	-43.124640	3358059815	-19.827952	-43.124591	22.461209	10.102569
3358059814	-19.827755	-43.124640	3358059809	-19.829516	-43.125699	265.875441	119.585058
3358059815	-19.827952	-43.124591	3358059814	-19.827755	-43.124640	22.461209	10.102569
3358059815	-19.827952	-43.124591	3358059685	-19.827735	-43.123874	79.113031	35.583340
3358059847	-19.827722	-43.114761	3345511122	-19.828317	-43.112177	279.137136	125.549883
3358059847	-19.827722	-43.114761	1879342336	-19.827153	-43.119458	498.856424	224.374895
3358059847	-19.827722	-43.114761	3345511131	-19.828136	-43.114438	57.150290	25.704972
3358081282	-19.822564	-43.124161	1399741171	-19.823157	-43.124418	76.606148	34.455799
3358081287	-19.823070	-43.122688	3301043735	-19.823110	-43.122741	7.128684	3.206329
3358081287	-19.823070	-43.122688	3358081289	-19.822860	-43.122328	44.352428	19.948769
3358081287	-19.823070	-43.122688	7845416130	-19.822453	-43.122697	72.844254	32.763779
3358081289	-19.822860	-43.122328	3358081287	-19.823070	-43.122688	44.352428	19.948769
3360096842	-19.828572	-43.129000	4534711047	-19.828768	-43.128826	28.427010	12.785858
3360128947	-19.850725	-43.123837	3360128948	-19.851467	-43.121974	226.253283	101.763863
3360128948	-19.851467	-43.121974	1879342156	-19.852090	-43.122276	99.217414	44.625860
3360128948	-19.851467	-43.121974	3360128947	-19.850725	-43.123837	226.253283	101.763863
3360128948	-19.851467	-43.121974	3360128951	-19.851776	-43.122142	54.700286	24.603013
3360128951	-19.851776	-43.122142	3360128948	-19.851467	-43.121974	54.700286	24.603013
3427475481	-19.850793	-43.216057	3427485527	-19.850150	-43.214677	161.201375	72.504913
3427475481	-19.850793	-43.216057	3427485549	-19.850298	-43.216749	91.146163	40.995585
3427475481	-19.850793	-43.216057	3427485534	-19.851065	-43.215950	32.245223	14.503208
3427475490	-19.850240	-43.213009	3427484495	-19.849586	-43.213295	78.670396	35.384253
3427484495	-19.849586	-43.213295	3427484496	-19.849558	-43.213237	6.825518	3.069971
3427484495	-19.849586	-43.213295	3427485527	-19.850150	-43.214677	157.718473	70.938378
3427484495	-19.849586	-43.213295	3427475490	-19.850240	-43.213009	78.670396	35.384253
3427484496	-19.849558	-43.213237	3427484495	-19.849586	-43.213295	6.825518	3.069971
3427484496	-19.849558	-43.213237	3354446121	-19.845229	-43.207092	920.656805	414.091639
3427484496	-19.849558	-43.213237	3427484503	-19.847807	-43.214441	232.149472	104.415842
3427484503	-19.847807	-43.214441	3427484496	-19.849558	-43.213237	232.149472	104.415842
3427485527	-19.850150	-43.214677	3427484495	-19.849586	-43.213295	157.718473	70.938378
3427485527	-19.850150	-43.214677	3427475481	-19.850793	-43.216057	161.201375	72.504913
3427485527	-19.850150	-43.214677	7675965765	-19.848230	-43.215443	385.186020	173.248391
3427485534	-19.851065	-43.215950	3427503864	-19.851753	-43.214128	208.215131	93.650690
3427485534	-19.851065	-43.215950	3427475481	-19.850793	-43.216057	32.245223	14.503208
3427485549	-19.850298	-43.216749	3427475481	-19.850793	-43.216057	91.146163	40.995585
3427503858	-19.851512	-43.212837	3427503864	-19.851753	-43.214128	139.277540	62.644044
3427503858	-19.851512	-43.212837	2984940572	-19.849432	-43.207592	616.154896	277.133227
3427503858	-19.851512	-43.212837	3427503863	-19.852739	-43.211754	179.614417	80.786703
3427503863	-19.852739	-43.211754	3427503858	-19.851512	-43.212837	179.614417	80.786703
3427503864	-19.851753	-43.214128	3427485534	-19.851065	-43.215950	208.215131	93.650690
3427503864	-19.851753	-43.214128	3427503858	-19.851512	-43.212837	139.277540	62.644044
3429157720	-19.824969	-43.124744	1399741171	-19.823157	-43.124418	234.305241	105.385461
3429157720	-19.824969	-43.124744	7938192698	-19.823931	-43.126269	199.618080	89.783921
3429157720	-19.824969	-43.124744	7938192698	-19.823931	-43.126269	248.535341	111.785854
3429158406	-19.823854	-43.122706	3301043727	-19.822729	-43.123447	149.624857	67.298044
3429158406	-19.823854	-43.122706	3301043735	-19.823110	-43.122741	132.720966	59.695037
3429158406	-19.823854	-43.122706	7938192705	-19.825619	-43.122322	212.168760	95.428947
3429163564	-19.863151	-43.125085	7687359492	-19.862886	-43.128152	344.638816	155.011131
3429163564	-19.863151	-43.125085	1756264036	-19.862724	-43.124475	79.542714	35.776603
3429163564	-19.863151	-43.125085	3429169746	-19.864084	-43.125483	112.595542	50.643054
3429169746	-19.864084	-43.125483	7554852029	-19.865522	-43.121392	495.764621	222.984269
3429169746	-19.864084	-43.125483	3429163564	-19.863151	-43.125085	112.595542	50.643054
3429188228	-19.851647	-43.204830	6179019481	-19.851593	-43.205181	37.239271	16.749423
3429188228	-19.851647	-43.204830	3354450561	-19.851693	-43.204166	69.631460	31.318734
3429188228	-19.851647	-43.204830	3429188236	-19.852407	-43.204736	109.138680	49.088232
3429188236	-19.852407	-43.204736	3429188228	-19.851647	-43.204830	109.138680	49.088232
3429188240	-19.851715	-43.203467	3354450571	-19.851696	-43.203774	32.322343	14.537895
3429194108	-19.844535	-43.205170	3354446163	-19.845053	-43.205382	61.649860	27.728782
3663497143	-19.861079	-43.110850	2391976771	-19.859829	-43.114023	392.286177	176.441889
3663497143	-19.861079	-43.110850	2391976814	-19.861286	-43.105471	568.640060	255.762075
3663497143	-19.861079	-43.110850	1756264007	-19.860940	-43.116746	631.650675	284.102895
3915541448	-19.854553	-43.201083	3354450576	-19.854495	-43.204380	346.075851	155.657478
3915804026	-19.838555	-43.204134	7676077408	-19.839264	-43.206515	264.881511	119.138009
3915804026	-19.838555	-43.204134	7782736180	-19.837294	-43.202389	230.291007	103.579944
3915804026	-19.838555	-43.204134	3354446121	-19.845229	-43.207092	816.571210	367.276176
4420796649	-19.836538	-43.129678	8013022917	-19.836813	-43.129686	30.613800	13.769429
4420796649	-19.836538	-43.129678	1879342182	-19.836644	-43.129878	24.356864	10.955194
4534710844	-19.836519	-43.129048	2986121965	-19.835953	-43.129693	98.435787	44.274301
4534710844	-19.836519	-43.129048	3358042446	-19.835712	-43.129227	92.361431	41.542186
4534710859	-19.836528	-43.130249	2986121962	-19.835962	-43.129997	68.294412	30.717358
4534710859	-19.836528	-43.130249	8013022915	-19.836560	-43.130272	4.211710	1.894337
4534710859	-19.836528	-43.130249	1879342279	-19.836233	-43.130383	36.386615	16.365917
4534710875	-19.829357	-43.128652	1879342279	-19.836233	-43.130383	811.250236	364.882916
4534710875	-19.829357	-43.128652	4534711050	-19.828780	-43.128597	65.858265	29.621632
4534711047	-19.828768	-43.128826	4534710875	-19.829357	-43.128652	68.425092	30.776136
4534711047	-19.828768	-43.128826	4534711050	-19.828780	-43.128597	25.432379	11.438937
4534711049	-19.828660	-43.128554	2985979306	-19.828341	-43.128289	45.136222	20.301303
4534711049	-19.828660	-43.128554	1398479234	-19.828593	-43.128773	24.377501	10.964476
4534711050	-19.828780	-43.128597	4534711049	-19.828660	-43.128554	14.066337	6.326736
5475851653	-19.853685	-43.105113	5475851658	-19.854292	-43.104490	108.984002	49.018661
5475851658	-19.854292	-43.104490	5475851659	-19.854738	-43.104492	49.649350	22.331210
5475851658	-19.854292	-43.104490	5475851707	-19.854026	-43.103172	142.305192	64.005816
5475851658	-19.854292	-43.104490	5475851653	-19.853685	-43.105113	108.984002	49.018661
5475851659	-19.854738	-43.104492	5475851658	-19.854292	-43.104490	49.649350	22.331210
5475851682	-19.854726	-43.104160	5475851686	-19.853350	-43.101996	347.700012	156.387991
5475851682	-19.854726	-43.104160	5475851707	-19.854026	-43.103172	138.086145	62.108180
5475851682	-19.854726	-43.104160	7793233825	-19.856745	-43.104552	236.375515	106.316625
5475851683	-19.853147	-43.101520	5475851686	-19.853350	-43.101996	59.304862	26.674052
5475851686	-19.853350	-43.101996	5475851682	-19.854726	-43.104160	347.700012	156.387991
5475851686	-19.853350	-43.101996	5475851683	-19.853147	-43.101520	59.304862	26.674052
5475851686	-19.853350	-43.101996	5475851690	-19.853555	-43.102910	101.549316	45.674699
5475851690	-19.853555	-43.102910	5475851695	-19.851202	-43.103997	326.447395	146.829021
5475851690	-19.853555	-43.102910	5475851686	-19.853350	-43.101996	101.549316	45.674699
5475851690	-19.853555	-43.102910	5475851707	-19.854026	-43.103172	66.145805	29.750961
5475851695	-19.851202	-43.103997	5475851690	-19.853555	-43.102910	326.447395	146.829021
5475851707	-19.854026	-43.103172	5475851658	-19.854292	-43.104490	142.305192	64.005816
5475851707	-19.854026	-43.103172	5475851690	-19.853555	-43.102910	66.145805	29.750961
5475851707	-19.854026	-43.103172	5475851682	-19.854726	-43.104160	138.086145	62.108180
5475851719	-19.858263	-43.104957	2391976814	-19.861286	-43.105471	359.575657	161.729401
5475851719	-19.858263	-43.104957	7793276092	-19.857929	-43.104926	37.288835	16.771717
5475851719	-19.858263	-43.104957	7793233825	-19.856745	-43.104552	187.995868	84.556500
6179019426	-19.849919	-43.206918	3354446170	-19.849625	-43.207614	79.792927	35.889143
6179019429	-19.845226	-43.204701	3354446108	-19.845519	-43.205004	45.599863	20.509838
6179019433	-19.846319	-43.206161	3354446157	-19.845177	-43.205511	145.413157	65.403712
6179019466	-19.850799	-43.205079	6179019481	-19.851593	-43.205181	90.506169	40.707729
6179019469	-19.853673	-43.207482	3354450558	-19.851951	-43.206305	285.081817	128.223673
6179019481	-19.851593	-43.205181	3429188228	-19.851647	-43.204830	37.239271	16.749423
6179019481	-19.851593	-43.205181	3354450553	-19.851543	-43.206407	128.914581	57.983007
6179019481	-19.851593	-43.205181	6179019466	-19.850799	-43.205079	90.506169	40.707729
7554852029	-19.865522	-43.121392	1756264057	-19.865535	-43.121341	5.516617	2.481256
7554852029	-19.865522	-43.121392	1756264046	-19.865081	-43.122206	99.712164	44.848388
7554852029	-19.865522	-43.121392	3429169746	-19.864084	-43.125483	495.764621	222.984269
7675965765	-19.848230	-43.215443	3427485527	-19.850150	-43.214677	385.186020	173.248391
7676077408	-19.839264	-43.206515	3915804026	-19.838555	-43.204134	264.881511	119.138009
7676077408	-19.839264	-43.206515	7676077409	-19.844348	-43.211946	898.459464	404.107752
7676077409	-19.844348	-43.211946	7676077408	-19.839264	-43.206515	898.459464	404.107752
7687359492	-19.862886	-43.128152	3429163564	-19.863151	-43.125085	344.638816	155.011131
7687550468	-19.861486	-43.104592	2391976814	-19.861286	-43.105471	94.618538	42.557384
7780113629	-19.836966	-43.191687	2996379826	-19.837051	-43.191632	11.062080	4.975486
7780113629	-19.836966	-43.191687	7782804978	-19.836962	-43.191646	4.325445	1.945492
7780113629	-19.836966	-43.191687	1399759170	-19.836842	-43.192749	112.152718	50.443881
7780441258	-19.838158	-43.190314	1380061796	-19.837921	-43.190839	61.117966	27.489547
7782731757	-19.835981	-43.199241	1399759122	-19.835992	-43.199157	8.928939	4.016045
7782731757	-19.835981	-43.199241	2996379526	-19.833716	-43.198148	316.028155	142.142670
7782731757	-19.835981	-43.199241	7782800793	-19.837142	-43.202195	348.739572	156.855562
7782736165	-19.837530	-43.203436	7782736180	-19.837294	-43.202389	193.746084	87.142824
7782736180	-19.837294	-43.202389	3915804026	-19.838555	-43.204134	230.291007	103.579944
7782736180	-19.837294	-43.202389	7782800793	-19.837142	-43.202195	26.464054	11.902962
7782736180	-19.837294	-43.202389	7782736165	-19.837530	-43.203436	193.746084	87.142824
7782776349	-19.836616	-43.194414	2996379782	-19.836514	-43.195182	81.082889	36.469340
7782776349	-19.836616	-43.194414	7782776350	-19.836627	-43.194340	7.846574	3.529220
7782776349	-19.836616	-43.194414	2996379758	-19.836227	-43.194919	68.283323	30.712371
7782776350	-19.836627	-43.194340	3206481877	-19.837817	-43.195374	170.891098	76.863142
7782776350	-19.836627	-43.194340	2996379670	-19.834708	-43.192693	274.305905	123.376899
7782776350	-19.836627	-43.194340	7782776349	-19.836616	-43.194414	7.846574	3.529220
7782776350	-19.836627	-43.194340	2996379800	-19.836731	-43.193551	83.345374	37.486958
7782800793	-19.837142	-43.202195	7782736180	-19.837294	-43.202389	26.464054	11.902962
7782800793	-19.837142	-43.202195	7782731757	-19.835981	-43.199241	348.739572	156.855562
7782800793	-19.837142	-43.202195	7783185791	-19.839919	-43.203051	361.850917	162.752764
7782804978	-19.836962	-43.191646	7780113629	-19.836966	-43.191687	4.325445	1.945492
7782804978	-19.836962	-43.191646	7782963044	-19.836437	-43.191662	58.926564	26.503901
7782963039	-19.834726	-43.190485	1380061801	-19.835191	-43.190901	67.565029	30.389298
7782963039	-19.834726	-43.190485	7782963040	-19.834764	-43.190432	6.987729	3.142930
7782963040	-19.834764	-43.190432	3266103093	-19.834170	-43.189922	84.919404	38.194922
7782963040	-19.834764	-43.190432	7782963039	-19.834726	-43.190485	6.987729	3.142930
7782963041	-19.835234	-43.190836	7782963040	-19.834764	-43.190432	67.162947	30.208450
7782963041	-19.835234	-43.190836	1380061801	-19.835191	-43.190901	8.316098	3.740402
7782963042	-19.835890	-43.191485	7782963043	-19.835929	-43.191434	6.932224	3.117965
7782963042	-19.835890	-43.191485	7782963045	-19.836430	-43.191729	66.200533	29.775577
7782963043	-19.835929	-43.191434	7782963041	-19.835234	-43.190836	99.421623	44.717709
7782963043	-19.835929	-43.191434	7782963042	-19.835890	-43.191485	6.932224	3.117965
7782963044	-19.836437	-43.191662	7782963045	-19.836430	-43.191729	7.079894	3.184384
7782963044	-19.836437	-43.191662	7782963043	-19.835929	-43.191434	62.073183	27.919183
7782963045	-19.836430	-43.191729	7782963044	-19.836437	-43.191662	7.079894	3.184384
7782963045	-19.836430	-43.191729	7780113629	-19.836966	-43.191687	60.580047	27.247603
7783185791	-19.839919	-43.203051	7783185838	-19.840689	-43.202741	95.087937	42.768510
7783185791	-19.839919	-43.203051	7782800793	-19.837142	-43.202195	361.850917	162.752764
7783185791	-19.839919	-43.203051	7783185805	-19.840689	-43.203307	99.854954	44.912612
7783185805	-19.840689	-43.203307	7783185791	-19.839919	-43.203051	99.854954	44.912612
7783185805	-19.840689	-43.203307	7783185806	-19.842465	-43.204718	255.395955	114.871610
7783185805	-19.840689	-43.203307	7783185838	-19.840689	-43.202741	59.804768	26.898899
7783185806	-19.842465	-43.204718	7783185805	-19.840689	-43.203307	255.395955	114.871610
7783185838	-19.840689	-43.202741	7783185791	-19.839919	-43.203051	95.087937	42.768510
7783185838	-19.840689	-43.202741	7783185805	-19.840689	-43.203307	59.804768	26.898899
7786813565	-19.868166	-43.120994	1879341830	-19.868119	-43.120946	7.231900	3.252753
7786813565	-19.868166	-43.120994	1756264047	-19.868362	-43.121202	30.822774	13.863421
7786813565	-19.868166	-43.120994	1879342098	-19.868292	-43.120846	20.875994	9.389573
7793233825	-19.856745	-43.104552	7793276091	-19.857500	-43.105062	103.278014	46.452230
7793233825	-19.856745	-43.104552	5475851682	-19.854726	-43.104160	236.375515	106.316625
7793233825	-19.856745	-43.104552	5475851719	-19.858263	-43.104957	187.995868	84.556500
7793276091	-19.857500	-43.105062	7793276092	-19.857929	-43.104926	50.114231	22.540304
7793276091	-19.857500	-43.105062	7793276092	-19.857929	-43.104926	92.065705	41.409175
7793276091	-19.857500	-43.105062	7793233825	-19.856745	-43.104552	103.278014	46.452230
7793276092	-19.857929	-43.104926	5475851719	-19.858263	-43.104957	37.288835	16.771717
7793276092	-19.857929	-43.104926	7793276091	-19.857500	-43.105062	50.114231	22.540304
7793276092	-19.857929	-43.104926	7793276091	-19.857500	-43.105062	92.065705	41.409175
7845300083	-19.827280	-43.108283	3345511152	-19.826971	-43.107504	88.454372	39.784875
7845300083	-19.827280	-43.108283	3345511122	-19.828317	-43.112177	448.482580	201.717823
7845300083	-19.827280	-43.108283	3345511153	-19.826723	-43.107628	107.674341	48.429604
7845301290	-19.826920	-43.107526	3345511153	-19.826723	-43.107628	24.341134	10.948119
7845301290	-19.826920	-43.107526	3345511152	-19.826971	-43.107504	6.138283	2.760868
7845301290	-19.826920	-43.107526	3345511164	-19.826598	-43.106690	94.473250	42.492037
7845416130	-19.822453	-43.122697	3358081287	-19.823070	-43.122688	72.844254	32.763779
7845712072	-19.826046	-43.119435	1879342336	-19.827153	-43.119458	123.142788	55.386979
7938192698	-19.823931	-43.126269	3429157720	-19.824969	-43.124744	199.618080	89.783921
7938192698	-19.823931	-43.126269	3429157720	-19.824969	-43.124744	248.535341	111.785854
7938192705	-19.825619	-43.122322	3429158406	-19.823854	-43.122706	212.168760	95.428947
7938192717	-19.826400	-43.115908	1879342609	-19.826506	-43.125969	1272.599009	572.387676
7938192717	-19.826400	-43.115908	3345511120	-19.827176	-43.111789	455.972983	205.086845
7938192717	-19.826400	-43.115908	7938192719	-19.826143	-43.115665	38.376951	17.261128
7938192719	-19.826143	-43.115665	7938192717	-19.826400	-43.115908	38.376951	17.261128
7976332037	-19.822016	-43.191117	3354331373	-19.822349	-43.190811	48.876366	21.983539
7979661727	-19.817376	-43.190671	3354332015	-19.817357	-43.190735	7.080636	3.184718
7979661727	-19.817376	-43.190671	7988164956	-19.817249	-43.190589	16.573289	7.454309
7979661729	-19.832429	-43.188659	3354179225	-19.832459	-43.188592	7.752344	3.486838
7979661729	-19.832429	-43.188659	2996379506	-19.833140	-43.189116	92.470573	41.591276
7979661730	-19.833843	-43.189626	3266103092	-19.833176	-43.189065	94.658164	42.575207
7979661730	-19.833843	-43.189626	7979661731	-19.833805	-43.189675	6.594238	2.965947
7979661731	-19.833805	-43.189675	2996379649	-19.834141	-43.189962	47.875871	21.533537
7979661731	-19.833805	-43.189675	7979661730	-19.833843	-43.189626	6.594238	2.965947
7979661731	-19.833805	-43.189675	2996379503	-19.833375	-43.189734	48.186860	21.673414
7980741810	-19.828164	-43.188562	3266103110	-19.828056	-43.188615	13.317911	5.990110
7980741810	-19.828164	-43.188562	2996379293	-19.828216	-43.188633	9.331490	4.197103
7980741811	-19.819228	-43.190418	3266103065	-19.819185	-43.190355	8.084850	3.636392
7980741811	-19.819228	-43.190418	2996378592	-19.819867	-43.189943	86.862853	39.069044
7981070444	-19.833190	-43.189580	2996379503	-19.833375	-43.189734	26.175441	11.773151
7981070444	-19.833190	-43.189580	2996379506	-19.833140	-43.189116	48.885283	21.987549
7981070444	-19.833190	-43.189580	2996379439	-19.830625	-43.188177	322.098273	144.872879
7988164956	-19.817249	-43.190589	2397520722	-19.817220	-43.190647	6.780324	3.049644
7988164956	-19.817249	-43.190589	1377822691	-19.816884	-43.189529	118.446762	53.274807
8013022900	-19.835558	-43.127484	2985976928	-19.839903	-43.128805	558.937441	251.398045
8013022900	-19.835558	-43.127484	3358042439	-19.833752	-43.127258	202.345751	91.010769
8013022900	-19.835558	-43.127484	3358042439	-19.833752	-43.127258	212.397715	95.531926
8013022915	-19.836560	-43.130272	4534710859	-19.836528	-43.130249	4.211710	1.894337
8013022915	-19.836560	-43.130272	8013022916	-19.836566	-43.130225	4.919681	2.212767
8013022915	-19.836560	-43.130272	1879342327	-19.842205	-43.127465	740.005762	332.838684
8013022916	-19.836566	-43.130225	1879342182	-19.836644	-43.129878	37.340273	16.794852
8013022916	-19.836566	-43.130225	4534710859	-19.836528	-43.130249	4.898347	2.203171
8013022917	-19.836813	-43.129686	8013022921	-19.839774	-43.129035	337.664262	151.874126
8013022921	-19.839774	-43.129035	1378923334	-19.839809	-43.129030	3.925430	1.765574
8013149776	-19.835516	-43.129194	3358042446	-19.835712	-43.129227	22.455004	10.099778
8021504038	-19.839747	-43.128821	3358041665	-19.836647	-43.129039	355.007547	159.674763
8021504038	-19.839747	-43.128821	8013022921	-19.839774	-43.129035	23.282742	10.472077
8134110037	-19.830245	-43.125887	3358059656	-19.830189	-43.125939	8.145983	3.663888
8134110037	-19.830245	-43.125887	3358059813	-19.829531	-43.125537	95.351268	42.886950
8403620731	-19.825080	-43.186947	9405802108	-19.824589	-43.187134	58.019970	26.096135
8403620731	-19.825080	-43.186947	8403620732	-19.825785	-43.189274	256.154479	115.212778
8403620731	-19.825080	-43.186947	12449602887	-19.824327	-43.185431	179.963488	80.943708
8403620732	-19.825785	-43.189274	1379864098	-19.825803	-43.189335	6.620872	2.977926
8403620732	-19.825785	-43.189274	3266103116	-19.824124	-43.189591	187.706895	84.426526
8403620732	-19.825785	-43.189274	8403620731	-19.825080	-43.186947	256.154479	115.212778
9405802102	-19.822567	-43.186338	9405802103	-19.823300	-43.187581	153.503975	69.042788
9405802102	-19.822567	-43.186338	9405802103	-19.823300	-43.187581	286.108846	128.685608
9405802102	-19.822567	-43.186338	9405802104	-19.823168	-43.186057	73.080849	32.870195
9405802103	-19.823300	-43.187581	9405802102	-19.822567	-43.186338	153.503975	69.042788
9405802103	-19.823300	-43.187581	9405802102	-19.822567	-43.186338	286.108846	128.685608
9405802103	-19.823300	-43.187581	9405802105	-19.823951	-43.187363	75.928768	34.151128
9405802104	-19.823168	-43.186057	9405802105	-19.823951	-43.187363	162.012440	72.869713
9405802104	-19.823168	-43.186057	9405802102	-19.822567	-43.186338	73.080849	32.870195
9405802104	-19.823168	-43.186057	9405802107	-19.823765	-43.185763	73.155160	32.903618
9405802105	-19.823951	-43.187363	9405802104	-19.823168	-43.186057	162.012440	72.869713
9405802105	-19.823951	-43.187363	9405802108	-19.824589	-43.187134	74.837010	33.660078
9405802105	-19.823951	-43.187363	9405802103	-19.823300	-43.187581	75.928768	34.151128
9405802107	-19.823765	-43.185763	9405802104	-19.823168	-43.186057	73.155160	32.903618
9405802107	-19.823765	-43.185763	12449602887	-19.824327	-43.185431	71.508227	32.162863
9405802107	-19.823765	-43.185763	9405802108	-19.824589	-43.187134	170.204702	76.554416
9405802108	-19.824589	-43.187134	9405802107	-19.823765	-43.185763	170.204702	76.554416
9405802108	-19.824589	-43.187134	8403620731	-19.825080	-43.186947	58.019970	26.096135
9405802108	-19.824589	-43.187134	9405802105	-19.823951	-43.187363	74.837010	33.660078
12449602887	-19.824327	-43.185431	9405802107	-19.823765	-43.185763	71.508227	32.162863
12449602887	-19.824327	-43.185431	8403620731	-19.825080	-43.186947	179.963488	80.943708
3266103110	-19.828056	-43.188615	3266103079	-19.827009	-43.189039	125.100000	56.267291
3266103112	-19.827009	-43.189039	2996379293	-19.828216	-43.188633	147.700000	66.432285
3354332013	-19.817262	-43.191283	3354332004	-19.817934	-43.191881	119.400000	53.703553
7938192698	-19.823931	-43.126269	3360096842	-19.828572	-43.129000	2299.800000	1034.400600
2985979306	-19.828341	-43.128289	2397520722	-19.817220	-43.190647	8904.400000	4005.007698
7988164956	-19.817249	-43.190589	2985979306	-19.828341	-43.128289	8433.800000	3793.341934
