1375799062	-19.819611	-43.176929	3266160641	-19.818668	-43.177938	181.025753	165.930501
1375799063	-19.816553	-43.179166	2990156181	-19.817681	-43.178501	143.428393	131.468285
1375799063	-19.816553	-43.179166	2990156143	-19.815917	-43.178751	83.011109	76.089036
1375799063	-19.816553	-43.179166	2990156169	-19.817166	-43.179563	79.836915	73.179529
1375799064	-19.812361	-43.181121	2990155857	-19.812285	-43.181016	13.856908	12.701418
1375799213	-19.814216	-43.177659	2990155965	-19.813707	-43.177310	67.400645	61.780287
1375799213	-19.814216	-43.177659	1388527973	-19.814756	-43.178021	70.995299	65.075192
1375799213	-19.814216	-43.177659	2990155964	-19.813652	-43.178742	129.600163	118.793153
1377638206	-19.810804	-43.183976	1390636441	-19.811351	-43.183684	68.022849	62.350606
1377638206	-19.810804	-43.183976	2397520641	-19.810432	-43.182702	139.513335	127.879693
1377638206	-19.810804	-43.183976	2397520649	-19.811305	-43.184968	117.792396	107.970005
1377638206	-19.810804	-43.183976	1393566400	-19.810113	-43.184319	84.830257	77.756490
1377822689	-19.816594	-43.188659	1395234250	-19.816297	-43.187807	95.073328	87.145418
1377822689	-19.816594	-43.188659	2397520716	-19.815296	-43.188091	156.053871	143.040958
1377822690	-19.814533	-43.190023	7981070436	-19.814524	-43.190072	5.220633	4.785299
1377822690	-19.814533	-43.190023	2397520714	-19.814798	-43.189365	74.822209	68.582986
1377822690	-19.814533	-43.190023	2990156080	-19.815181	-43.190178	73.839119	67.681874
1388527969	-19.814032	-43.176720	3266162364	-19.813588	-43.176408	59.216507	54.278601
1388527969	-19.814032	-43.176720	2990155965	-19.813707	-43.177310	71.559786	65.592608
1388527969	-19.814032	-43.176720	1400864200	-19.814618	-43.176221	83.426450	76.469742
1388527969	-19.814032	-43.176720	2990156095	-19.815337	-43.177579	170.652891	156.422605
1388527973	-19.814756	-43.178021	2990156006	-19.814197	-43.179058	125.112330	114.679549
1388527973	-19.814756	-43.178021	1375799213	-19.814216	-43.177659	70.995299	65.075192
1388527973	-19.814756	-43.178021	1389502278	-19.815310	-43.178348	70.463188	64.587452
1388527978	-19.812543	-43.179479	2990155928	-19.813129	-43.178380	132.063415	121.051001
1388527978	-19.812543	-43.179479	1400864201	-19.812459	-43.179628	18.191317	16.674392
1388527978	-19.812543	-43.179479	3277594975	-19.813082	-43.179806	68.947152	63.197834
1389502236	-19.812860	-43.180182	3277594975	-19.813082	-43.179806	46.429954	42.558284
1389502236	-19.812860	-43.180182	2397520667	-19.812083	-43.180510	92.966777	85.214527
1389502236	-19.812860	-43.180182	2631006656	-19.813835	-43.179802	115.491187	105.860687
1389502278	-19.815310	-43.178348	3266160627	-19.815564	-43.178533	34.207220	31.354772
1389502278	-19.815310	-43.178348	2990156119	-19.815645	-43.178171	41.538794	38.074985
1389502278	-19.815310	-43.178348	1388527973	-19.814756	-43.178021	70.463188	64.587452
1389502278	-19.815310	-43.178348	1400866571	-19.814758	-43.179354	121.855350	111.694160
1389502283	-19.808954	-43.178632	2990155755	-19.809259	-43.178487	37.150771	34.052868
1389502302	-19.812214	-43.176085	2990155867	-19.812381	-43.176095	18.547789	17.001139
1389502302	-19.812214	-43.176085	2990155835	-19.812056	-43.176063	17.679122	16.204908
1389502302	-19.812214	-43.176085	2990155838	-19.812040	-43.176387	37.141979	34.044809
1390636440	-19.811837	-43.183311	1390636441	-19.811351	-43.183684	66.601371	61.047662
1390636440	-19.811837	-43.183311	2397520662	-19.811851	-43.182629	71.364143	65.413278
1390636440	-19.811837	-43.183311	2990155915	-19.812877	-43.183284	115.732196	106.081599
1390636440	-19.811837	-43.183311	2397520678	-19.812367	-43.184300	119.062016	109.133754
1390636441	-19.811351	-43.183684	1377638206	-19.810804	-43.183976	68.022849	62.350606
1390636441	-19.811351	-43.183684	1390636440	-19.811837	-43.183311	66.601371	61.047662
1390636441	-19.811351	-43.183684	2397520655	-19.811871	-43.184649	116.453445	106.742705
1390636456	-19.815876	-43.186597	2990156136	-19.815791	-43.186833	26.449296	24.243760
1390636456	-19.815876	-43.186597	2990156094	-19.815288	-43.185724	112.358063	102.988826
1390636456	-19.815876	-43.186597	2990156146	-19.816009	-43.186906	35.586052	32.618627
1390636457	-19.809554	-43.178378	2397520634	-19.810093	-43.179933	173.416356	158.955632
1390636457	-19.809554	-43.178378	1400866547	-19.810067	-43.178217	59.462322	54.503919
1390636457	-19.809554	-43.178378	2990155755	-19.809259	-43.178487	34.724416	31.828840
1391058310	-19.810304	-43.176827	3427761603	-19.810332	-43.176271	58.334911	53.470519
1391058310	-19.810304	-43.176827	2990155773	-19.810724	-43.176842	46.749820	42.851478
1391058344	-19.809803	-43.174561	2396568930	-19.809273	-43.175232	91.608239	83.969274
1391058344	-19.809803	-43.174561	2990155781	-19.810792	-43.175637	157.454071	144.324399
1391058356	-19.810681	-43.177375	1399709104	-19.810671	-43.177967	62.025523	56.853381
1391058356	-19.810681	-43.177375	2990155773	-19.810724	-43.176842	55.900549	51.239152
1391058356	-19.810681	-43.177375	1398479211	-19.809228	-43.178017	200.152195	183.462041
1391058376	-19.808936	-43.183427	2397520629	-19.809062	-43.183658	27.933842	25.604514
1393566400	-19.810113	-43.184319	2397520643	-19.810617	-43.185319	118.673445	108.777585
1393566400	-19.810113	-43.184319	2397520631	-19.809551	-43.184618	69.907565	64.078161
1393566400	-19.810113	-43.184319	1377638206	-19.810804	-43.183976	84.830257	77.756490
1393566404	-19.813892	-43.190029	2990155978	-19.813894	-43.189752	28.917081	26.505763
1393581814	-19.813516	-43.181251	2990156055	-19.814897	-43.182523	203.153652	186.213215
1393581814	-19.813516	-43.181251	3266107121	-19.812805	-43.181549	85.010108	77.921343
1393581814	-19.813516	-43.181251	2990156004	-19.814166	-43.180972	77.946443	71.446699
1393581816	-19.813684	-43.180469	2990156004	-19.814166	-43.180972	75.078056	68.817499
1393581816	-19.813684	-43.180469	3266160623	-19.814328	-43.180180	77.654471	71.179074
1393581816	-19.813684	-43.180469	8169535679	-19.813656	-43.180375	10.344599	9.481991
1395234212	-19.813886	-43.186771	1395234214	-19.813885	-43.187480	74.149137	67.966040
1395234212	-19.813886	-43.186771	7975475320	-19.813929	-43.186754	5.193412	4.760348
1395234212	-19.813886	-43.186771	1395234218	-19.813893	-43.185801	101.560584	93.091719
1395234212	-19.813886	-43.186771	2397520696	-19.813694	-43.186868	23.590433	21.623291
1395234214	-19.813885	-43.187480	2397520711	-19.813895	-43.188207	76.060392	69.717920
1395234214	-19.813885	-43.187480	1395234212	-19.813886	-43.186771	74.149137	67.966040
1395234214	-19.813885	-43.187480	2397520716	-19.815296	-43.188091	169.413331	155.286408
1395234218	-19.813893	-43.185801	2990155992	-19.814014	-43.185286	55.517051	50.887633
1395234218	-19.813893	-43.185801	1395234212	-19.813886	-43.186771	101.560584	93.091719
1395234218	-19.813893	-43.185801	2397520689	-19.813520	-43.185046	89.297647	81.851356
1395234250	-19.816297	-43.187807	2990156146	-19.816009	-43.186906	99.536110	91.236061
1395234250	-19.816297	-43.187807	1377822689	-19.816594	-43.188659	95.073328	87.145418
1395234250	-19.816297	-43.187807	2397520718	-19.815543	-43.187461	91.281574	83.669849
1395234255	-19.809669	-43.175366	3427761602	-19.809616	-43.176248	92.510623	84.796410
1395234255	-19.809669	-43.175366	2396568930	-19.809273	-43.175232	46.235224	42.379793
1395234285	-19.812513	-43.175745	3266162369	-19.812107	-43.175264	67.663631	62.021342
1395234285	-19.812513	-43.175745	2990155867	-19.812381	-43.176095	39.467711	36.176604
1395234285	-19.812513	-43.175745	3266162367	-19.812980	-43.175281	71.073237	65.146631
1395854306	-19.812820	-43.181905	2397520659	-19.811855	-43.181929	107.331896	98.381777
1395854341	-19.811695	-43.180669	2397520640	-19.810349	-43.180712	149.736799	137.250649
1395854341	-19.811695	-43.180669	2397520656	-19.811877	-43.180853	27.980371	25.647163
1395854341	-19.811695	-43.180669	3265901985	-19.810224	-43.180333	179.543124	164.571505
1397188530	-19.811775	-43.177597	1400866558	-19.811456	-43.177410	40.563018	37.180577
1397188530	-19.811775	-43.177597	3266162371	-19.811977	-43.177726	26.183392	24.000029
1397188530	-19.811775	-43.177597	2990155788	-19.810956	-43.179307	200.738226	183.999205
1398453802	-19.815846	-43.190704	2990156078	-19.815134	-43.191537	117.742500	107.924269
1398453802	-19.815846	-43.190704	7979572595	-19.816250	-43.190445	52.656549	48.265661
1398479052	-19.812467	-43.188311	3277594989	-19.812027	-43.188787	69.824456	64.001982
1398479052	-19.812467	-43.188311	3277594993	-19.812982	-43.187835	75.890063	69.561794
1398479052	-19.812467	-43.188311	2397520650	-19.811661	-43.187633	114.298134	104.767119
1398479052	-19.812467	-43.188311	3277594983	-19.813826	-43.188946	165.340126	151.552856
1398479156	-19.809370	-43.183602	2397520629	-19.809062	-43.183658	34.793834	31.892470
1398479211	-19.809228	-43.178017	2990155755	-19.809259	-43.178487	49.313058	45.200974
1398479211	-19.809228	-43.178017	1391058356	-19.810681	-43.177375	200.152195	183.462041
1399709084	-19.809432	-43.176376	3266023332	-19.809607	-43.176318	20.446900	18.741888
1399709084	-19.809432	-43.176376	7880408644	-19.809040	-43.176151	92.788852	85.051439
1399709104	-19.810671	-43.177967	1391058356	-19.810681	-43.177375	62.025523	56.853381
1399709104	-19.810671	-43.177967	1400866553	-19.810845	-43.177914	20.157700	18.476803
1399709104	-19.810671	-43.177967	1400866547	-19.810067	-43.178217	72.094136	66.082400
1400864200	-19.814618	-43.176221	8167123147	-19.816434	-43.176190	202.056373	185.207435
1400864200	-19.814618	-43.176221	1388527969	-19.814032	-43.176720	83.426450	76.469742
1400864200	-19.814618	-43.176221	3266160657	-19.815037	-43.176991	93.025218	85.268095
1400864200	-19.814618	-43.176221	3266160660	-19.814731	-43.175504	76.645095	70.253866
1400864201	-19.812459	-43.179628	1388527978	-19.812543	-43.179479	18.191317	16.674392
1400864201	-19.812459	-43.179628	2990155815	-19.811662	-43.179291	96.934357	88.851261
1400864201	-19.812459	-43.179628	2397520660	-19.811846	-43.179904	74.579096	68.360146
1400866547	-19.810067	-43.178217	2990155769	-19.810511	-43.179483	141.348664	129.561978
1400866547	-19.810067	-43.178217	1390636457	-19.809554	-43.178378	59.462322	54.503919
1400866547	-19.810067	-43.178217	1399709104	-19.810671	-43.177967	72.094136	66.082400
1400866553	-19.810845	-43.177914	1399709104	-19.810671	-43.177967	20.157700	18.476803
1400866553	-19.810845	-43.177914	2990155788	-19.810956	-43.179307	151.736859	139.083929
1400866553	-19.810845	-43.177914	1400866558	-19.811456	-43.177410	88.545294	81.161740
1400866555	-19.810658	-43.179931	2990155769	-19.810511	-43.179483	49.651674	45.511354
1400866555	-19.810658	-43.179931	2397520634	-19.810093	-43.179933	62.859215	57.617554
1400866555	-19.810658	-43.179931	2397520660	-19.811846	-43.179904	132.041097	121.030545
1400866558	-19.811456	-43.177410	1397188530	-19.811775	-43.177597	40.563018	37.180577
1400866558	-19.811456	-43.177410	2990155838	-19.812040	-43.176387	125.118202	114.684931
1400866558	-19.811456	-43.177410	1400866553	-19.810845	-43.177914	88.545294	81.161740
1400866571	-19.814758	-43.179354	2990156006	-19.814197	-43.179058	69.624469	63.818672
1400866571	-19.814758	-43.179354	3348309066	-19.814668	-43.179443	13.600586	12.466469
1400866571	-19.814758	-43.179354	1389502278	-19.815310	-43.178348	121.855350	111.694160
1400869191	-19.808786	-43.180202	2998692463	-19.808470	-43.179998	41.308469	37.863867
2396568914	-19.808701	-43.176524	2396568930	-19.809273	-43.175232	154.906429	141.989198
2396568914	-19.808701	-43.176524	2396568918	-19.808858	-43.176447	19.463555	17.840542
2396568918	-19.808858	-43.176447	2396568914	-19.808701	-43.176524	19.463555	17.840542
2396568918	-19.808858	-43.176447	2396568924	-19.809053	-43.176309	26.088722	23.913253
2396568924	-19.809053	-43.176309	1399709084	-19.809432	-43.176376	50.292523	46.098765
2396568930	-19.809273	-43.175232	2396568914	-19.808701	-43.176524	154.906429	141.989198
2396568938	-19.809586	-43.176789	3266023332	-19.809607	-43.176318	49.299745	45.188771
2396568938	-19.809586	-43.176789	1391058310	-19.810304	-43.176827	80.028822	73.355434
2396568948	-19.810379	-43.175611	3427761603	-19.810332	-43.176271	69.193450	63.423594
2396568948	-19.810379	-43.175611	1395234255	-19.809669	-43.175366	83.091966	76.163150
2396568975	-19.810945	-43.172737	2990155810	-19.811673	-43.172941	84.364828	77.329872
2396569095	-19.813305	-43.191332	7976246685	-19.813684	-43.190455	102.008792	93.502553
2396569111	-19.813720	-43.190368	7979686065	-19.813670	-43.190374	5.509111	5.049721
2396569111	-19.813720	-43.190368	2397520703	-19.813797	-43.190151	24.342033	22.312216
2396569116	-19.813758	-43.192682	1393566404	-19.813892	-43.190029	277.976230	254.796538
2396569116	-19.813758	-43.192682	2397522248	-19.814077	-43.192472	41.737346	38.256981
2397520626	-19.808873	-43.180721	1400869191	-19.808786	-43.180202	55.113793	50.518002
2397520628	-19.808993	-43.184966	2397520630	-19.809441	-43.185820	102.252836	93.726247
2397520628	-19.808993	-43.184966	2397520631	-19.809551	-43.184618	71.949567	65.949886
2397520629	-19.809062	-43.183658	1391058376	-19.808936	-43.183427	27.933842	25.604514
2397520629	-19.809062	-43.183658	2397520631	-19.809551	-43.184618	114.208208	104.684692
2397520629	-19.809062	-43.183658	1398479156	-19.809370	-43.183602	34.793834	31.892470
2397520630	-19.809441	-43.185820	2397520628	-19.808993	-43.184966	102.252836	93.726247
2397520630	-19.809441	-43.185820	2397520633	-19.809975	-43.186912	128.799185	118.058967
2397520631	-19.809551	-43.184618	1393566400	-19.810113	-43.184319	69.907565	64.078161
2397520631	-19.809551	-43.184618	2397520629	-19.809062	-43.183658	114.208208	104.684692
2397520631	-19.809551	-43.184618	2397520628	-19.808993	-43.184966	71.949567	65.949886
2397520631	-19.809551	-43.184618	2397520644	-19.810644	-43.186748	253.817119	232.651991
2397520633	-19.809975	-43.186912	7976242981	-19.810113	-43.187113	26.018124	23.848542
2397520633	-19.809975	-43.186912	7976242983	-19.810057	-43.187153	27.220664	24.950806
2397520633	-19.809975	-43.186912	2397520630	-19.809441	-43.185820	128.799185	118.058967
2397520634	-19.810093	-43.179933	3265901985	-19.810224	-43.180333	44.241027	40.551887
2397520634	-19.810093	-43.179933	1400866555	-19.810658	-43.179931	62.859215	57.617554
2397520634	-19.810093	-43.179933	2990155756	-19.809404	-43.179949	76.620808	70.231604
2397520637	-19.810148	-43.187160	7976242981	-19.810113	-43.187113	6.283059	5.759132
2397520637	-19.810148	-43.187160	2397520644	-19.810644	-43.186748	70.047000	64.205969
2397520637	-19.810148	-43.187160	2397520648	-19.811258	-43.188147	161.139733	147.702723
2397520640	-19.810349	-43.180712	2397520642	-19.810546	-43.181325	67.768604	62.117562
2397520640	-19.810349	-43.180712	2397520626	-19.808873	-43.180721	164.148827	150.460897
2397520641	-19.810432	-43.182702	2397520646	-19.811019	-43.182688	65.278415	59.835023
2397520642	-19.810546	-43.181325	2397520645	-19.810796	-43.181990	74.850409	68.608834
2397520642	-19.810546	-43.181325	2397520654	-19.811838	-43.181276	143.811781	131.819702
2397520643	-19.810617	-43.185319	2397520647	-19.811135	-43.186348	122.096851	111.915523
2397520643	-19.810617	-43.185319	1393566400	-19.810113	-43.184319	118.673445	108.777585
2397520643	-19.810617	-43.185319	2397520649	-19.811305	-43.184968	84.810418	77.738305
2397520644	-19.810644	-43.186748	2397520647	-19.811135	-43.186348	68.817525	63.079016
2397520644	-19.810644	-43.186748	2397520637	-19.810148	-43.187160	70.047000	64.205969
2397520644	-19.810644	-43.186748	2397520631	-19.809551	-43.184618	253.817119	232.651991
2397520644	-19.810644	-43.186748	2397520650	-19.811661	-43.187633	146.244315	134.049394
2397520645	-19.810796	-43.181990	2397520642	-19.810546	-43.181325	74.850409	68.608834
2397520645	-19.810796	-43.181990	2397520646	-19.811019	-43.182688	77.173561	70.738265
2397520645	-19.810796	-43.181990	2397520641	-19.810432	-43.182702	145.108189	133.008007
2397520645	-19.810796	-43.181990	2397520659	-19.811855	-43.181929	118.013961	108.173094
2397520646	-19.811019	-43.182688	2397520645	-19.810796	-43.181990	77.173561	70.738265
2397520646	-19.811019	-43.182688	2397520662	-19.811851	-43.182629	92.718584	84.987031
2397520646	-19.811019	-43.182688	1390636441	-19.811351	-43.183684	110.498922	101.284713
2397520647	-19.811135	-43.186348	2397520643	-19.810617	-43.185319	122.096851	111.915523
2397520647	-19.811135	-43.186348	2397520644	-19.810644	-43.186748	68.817525	63.079016
2397520647	-19.811135	-43.186348	2397520661	-19.811886	-43.187330	134.955093	123.701550
2397520647	-19.811135	-43.186348	2397520653	-19.811807	-43.185966	84.699041	77.636216
2397520648	-19.811258	-43.188147	2397520650	-19.811661	-43.187633	69.987171	64.151129
2397520648	-19.811258	-43.188147	2397520637	-19.810148	-43.187160	161.139733	147.702723
2397520648	-19.811258	-43.188147	3277594989	-19.812027	-43.188787	108.674504	99.612429
2397520649	-19.811305	-43.184968	2397520655	-19.811871	-43.184649	71.330027	65.382008
2397520649	-19.811305	-43.184968	1377638206	-19.810804	-43.183976	117.792396	107.970005
2397520649	-19.811305	-43.184968	2397520643	-19.810617	-43.185319	84.810418	77.738305
2397520649	-19.811305	-43.184968	2397520653	-19.811807	-43.185966	118.341941	108.473725
2397520650	-19.811661	-43.187633	2397520661	-19.811886	-43.187330	40.387296	37.019508
2397520650	-19.811661	-43.187633	1398479052	-19.812467	-43.188311	114.298134	104.767119
2397520650	-19.811661	-43.187633	2397520648	-19.811258	-43.188147	69.987171	64.151129
2397520650	-19.811661	-43.187633	2397520644	-19.810644	-43.186748	146.244315	134.049394
2397520653	-19.811807	-43.185966	2397520676	-19.812373	-43.185667	70.240990	64.383782
2397520653	-19.811807	-43.185966	2397520674	-19.812251	-43.186850	104.873848	96.128700
2397520653	-19.811807	-43.185966	2397520647	-19.811135	-43.186348	84.699041	77.636216
2397520653	-19.811807	-43.185966	2397520649	-19.811305	-43.184968	118.341941	108.473725
2397520654	-19.811838	-43.181276	2397520675	-19.812283	-43.181229	50.176562	45.992474
2397520655	-19.811871	-43.184649	2397520678	-19.812367	-43.184300	66.121433	60.607744
2397520655	-19.811871	-43.184649	2397520649	-19.811305	-43.184968	71.330027	65.382008
2397520655	-19.811871	-43.184649	2397520676	-19.812373	-43.185667	120.127392	110.110292
2397520655	-19.811871	-43.184649	1390636441	-19.811351	-43.183684	116.453445	106.742705
2397520656	-19.811877	-43.180853	2397520675	-19.812283	-43.181229	59.927259	54.930086
2397520658	-19.811863	-43.180611	1395854341	-19.811695	-43.180669	19.588589	17.955149
2397520658	-19.811863	-43.180611	2397520656	-19.811877	-43.180853	27.075768	24.817993
2397520659	-19.811855	-43.181929	1395854306	-19.812820	-43.181905	107.331896	98.381777
2397520659	-19.811855	-43.181929	2397520654	-19.811838	-43.181276	68.317867	62.621023
2397520659	-19.811855	-43.181929	2397520645	-19.810796	-43.181990	118.013961	108.173094
2397520660	-19.811846	-43.179904	2397520667	-19.812083	-43.180510	68.742891	63.010606
2397520660	-19.811846	-43.179904	1400864201	-19.812459	-43.179628	74.579096	68.360146
2397520660	-19.811846	-43.179904	1400866555	-19.810658	-43.179931	132.041097	121.030545
2397520661	-19.811886	-43.187330	2397520650	-19.811661	-43.187633	40.387296	37.019508
2397520661	-19.811886	-43.187330	2397520647	-19.811135	-43.186348	134.955093	123.701550
2397520661	-19.811886	-43.187330	2397520674	-19.812251	-43.186850	64.539574	59.157793
2397520662	-19.811851	-43.182629	2397520682	-19.812907	-43.182624	117.467795	107.672471
2397520662	-19.811851	-43.182629	2397520646	-19.811019	-43.182688	92.718584	84.987031
2397520662	-19.811851	-43.182629	2397520659	-19.811855	-43.181929	73.377135	67.258413
2397520664	-19.812001	-43.180561	2397520667	-19.812083	-43.180510	10.556350	9.676084
2397520664	-19.812001	-43.180561	2397520658	-19.811863	-43.180611	16.319666	14.958813
2397520667	-19.812083	-43.180510	2397520660	-19.811846	-43.179904	68.742891	63.010606
2397520667	-19.812083	-43.180510	2397520664	-19.812001	-43.180561	10.556350	9.676084
2397520667	-19.812083	-43.180510	1389502236	-19.812860	-43.180182	92.966777	85.214527
2397520668	-19.812168	-43.180709	2397520667	-19.812083	-43.180510	22.816582	20.913968
2397520668	-19.812168	-43.180709	2397520664	-19.812001	-43.180561	25.096290	23.003578
2397520672	-19.812254	-43.180923	2397520668	-19.812168	-43.180709	24.400069	22.365413
2397520674	-19.812251	-43.186850	2397520679	-19.812582	-43.187499	77.220390	70.781189
2397520674	-19.812251	-43.186850	2397520653	-19.811807	-43.185966	104.873848	96.128700
2397520674	-19.812251	-43.186850	2397520661	-19.811886	-43.187330	64.539574	59.157793
2397520675	-19.812283	-43.181229	2990155899	-19.812701	-43.181626	62.260758	57.069001
2397520675	-19.812283	-43.181229	1375799064	-19.812361	-43.181121	14.198201	13.014251
2397520676	-19.812373	-43.185667	2397520653	-19.811807	-43.185966	70.240990	64.383782
2397520676	-19.812373	-43.185667	2397520683	-19.812936	-43.185356	70.582061	64.696413
2397520676	-19.812373	-43.185667	2397520655	-19.811871	-43.184649	120.127392	110.110292
2397520676	-19.812373	-43.185667	2397520685	-19.813140	-43.187190	180.771322	165.697287
2397520678	-19.812367	-43.184300	2397520683	-19.812936	-43.185356	127.321347	116.704361
2397520678	-19.812367	-43.184300	2397520655	-19.811871	-43.184649	66.121433	60.607744
2397520678	-19.812367	-43.184300	1390636440	-19.811837	-43.183311	119.062016	109.133754
2397520678	-19.812367	-43.184300	2397520684	-19.812920	-43.184021	68.117274	62.437157
2397520679	-19.812582	-43.187499	2397520674	-19.812251	-43.186850	77.220390	70.781189
2397520679	-19.812582	-43.187499	2397520685	-19.813140	-43.187190	70.065985	64.223370
2397520679	-19.812582	-43.187499	3277594993	-19.812982	-43.187835	59.436985	54.480695
2397520682	-19.812907	-43.182624	2397520662	-19.811851	-43.182629	117.467795	107.672471
2397520682	-19.812907	-43.182624	2990155915	-19.812877	-43.183284	69.451578	63.660198
2397520682	-19.812907	-43.182624	2397520706	-19.813743	-43.182574	93.116937	85.352166
2397520683	-19.812936	-43.185356	2397520678	-19.812367	-43.184300	127.321347	116.704361
2397520683	-19.812936	-43.185356	2397520676	-19.812373	-43.185667	70.582061	64.696413
2397520683	-19.812936	-43.185356	2397520696	-19.813694	-43.186868	179.220233	164.275539
2397520683	-19.812936	-43.185356	2397520689	-19.813520	-43.185046	72.612934	66.557936
2397520684	-19.812920	-43.184021	2397520689	-19.813520	-43.185046	126.256957	115.728728
2397520684	-19.812920	-43.184021	2397520678	-19.812367	-43.184300	68.117274	62.437157
2397520684	-19.812920	-43.184021	2990155915	-19.812877	-43.183284	77.191832	70.755012
2397520685	-19.813140	-43.187190	2397520696	-19.813694	-43.186868	70.171448	64.320040
2397520685	-19.813140	-43.187190	2397520679	-19.812582	-43.187499	70.065985	64.223370
2397520685	-19.813140	-43.187190	2397520676	-19.812373	-43.185667	180.771322	165.697287
2397520689	-19.813520	-43.185046	2397520684	-19.812920	-43.184021	126.256957	115.728728
2397520689	-19.813520	-43.185046	2397520683	-19.812936	-43.185356	72.612934	66.557936
2397520689	-19.813520	-43.185046	1395234218	-19.813893	-43.185801	89.297647	81.851356
2397520690	-19.813604	-43.189729	2397520693	-19.813658	-43.190148	44.217072	40.529929
2397520693	-19.813658	-43.190148	2397520703	-19.813797	-43.190151	15.884722	14.560137
2397520693	-19.813658	-43.190148	7979686065	-19.813670	-43.190374	23.788239	21.804602
2397520696	-19.813694	-43.186868	2397520685	-19.813140	-43.187190	70.171448	64.320040
2397520696	-19.813694	-43.186868	2397520683	-19.812936	-43.185356	179.220233	164.275539
2397520696	-19.813694	-43.186868	1395234212	-19.813886	-43.186771	23.590433	21.623291
2397520699	-19.813725	-43.189652	2397520690	-19.813604	-43.189729	17.367836	15.919579
2397520699	-19.813725	-43.189652	7980741817	-19.813535	-43.189521	25.875338	23.717663
2397520703	-19.813797	-43.190151	2397520705	-19.813807	-43.190107	4.751453	4.355242
2397520705	-19.813807	-43.190107	1393566404	-19.813892	-43.190029	12.439219	11.401946
2397520705	-19.813807	-43.190107	2397520699	-19.813725	-43.189652	50.694010	46.466772
2397520706	-19.813743	-43.182574	2990155994	-19.814038	-43.182843	43.151452	39.553168
2397520706	-19.813743	-43.182574	2397520682	-19.812907	-43.182624	93.116937	85.352166
2397520709	-19.813878	-43.188971	2397520711	-19.813895	-43.188207	79.934820	73.269270
2397520709	-19.813878	-43.188971	3277594983	-19.813826	-43.188946	6.302792	5.777219
2397520709	-19.813878	-43.188971	3277594994	-19.813911	-43.188985	4.018106	3.683047
2397520711	-19.813895	-43.188207	2397520715	-19.815045	-43.188742	139.630716	127.987285
2397520711	-19.813895	-43.188207	2397520709	-19.813878	-43.188971	79.934820	73.269270
2397520711	-19.813895	-43.188207	1395234214	-19.813885	-43.187480	76.060392	69.717920
2397520711	-19.813895	-43.188207	3277594993	-19.812982	-43.187835	108.704559	99.639978
2397520712	-19.814464	-43.192211	2397522248	-19.814077	-43.192472	50.920442	46.674324
2397520712	-19.814464	-43.192211	7981070436	-19.814524	-43.190072	223.945683	205.271454
2397520712	-19.814464	-43.192211	2990156078	-19.815134	-43.191537	102.938085	94.354354
2397520713	-19.814605	-43.183209	3266107119	-19.814557	-43.183324	13.199443	12.098777
2397520713	-19.814605	-43.183209	3266107117	-19.814460	-43.183063	22.249281	20.393973
2397520714	-19.814798	-43.189365	1377822690	-19.814533	-43.190023	74.822209	68.582986
2397520714	-19.814798	-43.189365	2397520715	-19.815045	-43.188742	70.720466	64.823276
2397520714	-19.814798	-43.189365	2990156107	-19.815395	-43.189635	72.087302	66.076135
2397520714	-19.814798	-43.189365	3277594994	-19.813911	-43.188985	106.325547	97.459345
2397520715	-19.815045	-43.188742	2397520711	-19.813895	-43.188207	139.630716	127.987285
2397520715	-19.815045	-43.188742	2397520714	-19.814798	-43.189365	70.720466	64.823276
2397520715	-19.815045	-43.188742	2397520716	-19.815296	-43.188091	73.679635	67.535688
2397520716	-19.815296	-43.188091	2397520715	-19.815045	-43.188742	73.679635	67.535688
2397520716	-19.815296	-43.188091	2397520718	-19.815543	-43.187461	71.304597	65.358698
2397520716	-19.815296	-43.188091	1377822689	-19.816594	-43.188659	156.053871	143.040958
2397520716	-19.815296	-43.188091	1395234214	-19.813885	-43.187480	169.413331	155.286408
2397520718	-19.815543	-43.187461	2397520716	-19.815296	-43.188091	71.304597	65.358698
2397520718	-19.815543	-43.187461	2990156136	-19.815791	-43.186833	71.288379	65.343833
2397520718	-19.815543	-43.187461	1395234250	-19.816297	-43.187807	91.281574	83.669849
2397520718	-19.815543	-43.187461	7975475320	-19.813929	-43.186754	194.112418	177.925905
2397520719	-19.816360	-43.190029	3266102754	-19.816177	-43.190264	32.034818	29.363520
2397522248	-19.814077	-43.192472	2397520712	-19.814464	-43.192211	50.920442	46.674324
2397522248	-19.814077	-43.192472	3429244310	-19.815512	-43.193216	209.353268	191.895861
2397522248	-19.814077	-43.192472	2396569116	-19.813758	-43.192682	41.737346	38.256981
2631006656	-19.813835	-43.179802	2990156006	-19.814197	-43.179058	87.541995	80.242103
2631006656	-19.813835	-43.179802	1389502236	-19.812860	-43.180182	115.491187	105.860687
2631006656	-19.813835	-43.179802	3348309066	-19.814668	-43.179443	99.934378	91.601119
2986281878	-19.813341	-43.183298	2990155915	-19.812877	-43.183284	51.580785	47.279602
2986281878	-19.813341	-43.183298	2990155979	-19.813919	-43.183258	64.440123	59.066634
2986281878	-19.813341	-43.183298	2990155966	-19.813712	-43.184011	85.213635	78.107899
2986281881	-19.814136	-43.184875	2990155992	-19.814014	-43.185286	45.031604	41.276539
2986281881	-19.814136	-43.184875	2990156007	-19.814224	-43.184546	35.809684	32.823611
2986281881	-19.814136	-43.184875	2990155966	-19.813712	-43.184011	102.015206	93.508432
2990155755	-19.809259	-43.178487	1398479211	-19.809228	-43.178017	49.313058	45.200974
2990155755	-19.809259	-43.178487	1390636457	-19.809554	-43.178378	34.724416	31.828840
2990155755	-19.809259	-43.178487	1389502283	-19.808954	-43.178632	37.150771	34.052868
2990155756	-19.809404	-43.179949	1389502283	-19.808954	-43.178632	146.600667	134.376031
2990155756	-19.809404	-43.179949	2397520634	-19.810093	-43.179933	76.620808	70.231604
2990155769	-19.810511	-43.179483	1400866555	-19.810658	-43.179931	49.651674	45.511354
2990155769	-19.810511	-43.179483	1400866547	-19.810067	-43.178217	141.348664	129.561978
2990155769	-19.810511	-43.179483	2990155789	-19.810913	-43.179396	45.677984	41.869019
2990155770	-19.810528	-43.174381	2990155793	-19.811004	-43.173971	68.130253	62.449054
2990155770	-19.810528	-43.174381	2990155798	-19.811239	-43.175209	117.221206	107.446444
2990155773	-19.810724	-43.176842	1391058356	-19.810681	-43.177375	55.900549	51.239152
2990155773	-19.810724	-43.176842	3277594969	-19.811784	-43.176126	146.003385	133.828555
2990155781	-19.810792	-43.175637	2990155792	-19.811051	-43.175835	35.435565	32.480688
2990155781	-19.810792	-43.175637	3277594962	-19.810667	-43.175725	16.902224	15.492793
2990155788	-19.810956	-43.179307	2990155789	-19.810913	-43.179396	10.408316	9.540394
2990155788	-19.810956	-43.179307	1397188530	-19.811775	-43.177597	200.738226	183.999205
2990155788	-19.810956	-43.179307	1400866553	-19.810845	-43.177914	151.736859	139.083929
2990155789	-19.810913	-43.179396	2990155788	-19.810956	-43.179307	10.408316	9.540394
2990155789	-19.810913	-43.179396	2990155769	-19.810511	-43.179483	45.677984	41.869019
2990155789	-19.810913	-43.179396	2990155815	-19.811662	-43.179291	84.067514	77.057349
2990155792	-19.811051	-43.175835	3277594962	-19.810667	-43.175725	44.179460	40.495453
2990155793	-19.811004	-43.173971	2990155770	-19.810528	-43.174381	68.130253	62.449054
2990155793	-19.811004	-43.173971	2990155817	-19.811736	-43.173838	103.132461	94.532522
2990155793	-19.811004	-43.173971	2990155814	-19.811689	-43.174776	113.527980	104.061186
2990155798	-19.811239	-43.175209	2990155781	-19.810792	-43.175637	66.907879	61.328611
2990155798	-19.811239	-43.175209	8169452894	-19.812019	-43.176062	124.972435	114.551319
2990155810	-19.811673	-43.172941	2990155847	-19.812208	-43.173327	71.911641	65.915122
2990155810	-19.811673	-43.172941	2396568975	-19.810945	-43.172737	84.364828	77.329872
2990155814	-19.811689	-43.174776	3266162369	-19.812107	-43.175264	69.026053	63.270156
2990155814	-19.811689	-43.174776	2990155798	-19.811239	-43.175209	67.542704	61.910499
2990155814	-19.811689	-43.174776	2990155793	-19.811004	-43.173971	113.527980	104.061186
2990155814	-19.811689	-43.174776	2990155844	-19.812148	-43.174314	70.265387	64.406145
2990155815	-19.811662	-43.179291	2990155864	-19.812323	-43.177931	160.042414	146.696906
2990155815	-19.811662	-43.179291	2990155789	-19.810913	-43.179396	84.067514	77.057349
2990155815	-19.811662	-43.179291	1400864201	-19.812459	-43.179628	96.934357	88.851261
2990155817	-19.811736	-43.173838	2990155844	-19.812148	-43.174314	67.716877	62.070149
2990155817	-19.811736	-43.173838	2990155793	-19.811004	-43.173971	103.132461	94.532522
2990155817	-19.811736	-43.173838	2990155834	-19.812032	-43.173531	46.050001	42.210015
2990155834	-19.812032	-43.173531	2990155847	-19.812208	-43.173327	28.903083	26.492933
2990155834	-19.812032	-43.173531	2990155817	-19.811736	-43.173838	46.050001	42.210015
2990155835	-19.812056	-43.176063	1389502302	-19.812214	-43.176085	17.679122	16.204908
2990155835	-19.812056	-43.176063	8169452894	-19.812019	-43.176062	4.182518	3.833750
2990155835	-19.812056	-43.176063	2990155838	-19.812040	-43.176387	34.383518	31.516369
2990155838	-19.812040	-43.176387	1389502302	-19.812214	-43.176085	37.141979	34.044809
2990155838	-19.812040	-43.176387	1400866558	-19.811456	-43.177410	125.118202	114.684931
2990155838	-19.812040	-43.176387	2990155835	-19.812056	-43.176063	34.383518	31.516369
2990155844	-19.812148	-43.174314	2990155817	-19.811736	-43.173838	67.716877	62.070149
2990155844	-19.812148	-43.174314	2990155902	-19.812828	-43.173673	101.069342	92.641441
2990155847	-19.812208	-43.173327	2990155810	-19.811673	-43.172941	71.911641	65.915122
2990155847	-19.812208	-43.173327	2990155834	-19.812032	-43.173531	28.903083	26.492933
2990155847	-19.812208	-43.173327	2990155866	-19.812363	-43.172870	50.872911	46.630756
2990155847	-19.812208	-43.173327	2990155902	-19.812828	-43.173673	78.175530	71.656683
2990155857	-19.812285	-43.181016	2397520672	-19.812254	-43.180923	10.283591	9.426070
2990155857	-19.812285	-43.181016	8169535677	-19.812800	-43.180830	60.403917	55.366996
2990155864	-19.812323	-43.177931	3266162371	-19.811977	-43.177726	44.027964	40.356591
2990155864	-19.812323	-43.177931	3266162362	-19.812556	-43.178064	29.432451	26.978158
2990155864	-19.812323	-43.177931	2990155815	-19.811662	-43.179291	160.042414	146.696906
2990155866	-19.812363	-43.172870	3348330651	-19.812848	-43.172449	69.960562	64.126739
2990155866	-19.812363	-43.172870	2990155847	-19.812208	-43.173327	50.872911	46.630756
2990155866	-19.812363	-43.172870	3348353011	-19.812794	-43.173186	58.440789	53.567568
2990155867	-19.812381	-43.176095	1389502302	-19.812214	-43.176085	18.547789	17.001139
2990155867	-19.812381	-43.176095	1395234285	-19.812513	-43.175745	39.467711	36.176604
2990155867	-19.812381	-43.176095	3266162372	-19.812883	-43.176192	56.768604	52.034823
2990155899	-19.812701	-43.181626	2397520706	-19.813743	-43.182574	152.603795	139.878574
2990155899	-19.812701	-43.181626	3266107121	-19.812805	-43.181549	14.099545	12.923822
2990155902	-19.812828	-43.173673	2990155847	-19.812208	-43.173327	78.175530	71.656683
2990155902	-19.812828	-43.173673	3266162368	-19.813305	-43.174997	149.780566	137.290767
2990155915	-19.812877	-43.183284	1390636440	-19.811837	-43.183311	115.732196	106.081599
2990155915	-19.812877	-43.183284	2986281878	-19.813341	-43.183298	51.580785	47.279602
2990155915	-19.812877	-43.183284	2397520682	-19.812907	-43.182624	69.451578	63.660198
2990155915	-19.812877	-43.183284	2397520684	-19.812920	-43.184021	77.191832	70.755012
2990155928	-19.813129	-43.178380	3266162362	-19.812556	-43.178064	71.784473	65.798558
2990155928	-19.813129	-43.178380	2990155964	-19.813652	-43.178742	69.377564	63.592355
2990155928	-19.813129	-43.178380	2990155965	-19.813707	-43.177310	129.087226	118.322989
2990155928	-19.813129	-43.178380	1388527978	-19.812543	-43.179479	132.063415	121.051001
2990155931	-19.813167	-43.176970	2990155965	-19.813707	-43.177310	69.821289	63.999079
2990155931	-19.813167	-43.176970	3266162362	-19.812556	-43.178064	133.103407	122.004271
2990155964	-19.813652	-43.178742	3277594975	-19.813082	-43.179806	128.060926	117.382270
2990155964	-19.813652	-43.178742	2990155928	-19.813129	-43.178380	69.377564	63.592355
2990155964	-19.813652	-43.178742	2990156006	-19.814197	-43.179058	69.046292	63.288707
2990155964	-19.813652	-43.178742	1375799213	-19.814216	-43.177659	129.600163	118.793153
2990155965	-19.813707	-43.177310	1388527969	-19.814032	-43.176720	71.559786	65.592608
2990155965	-19.813707	-43.177310	2990155928	-19.813129	-43.178380	129.087226	118.322989
2990155965	-19.813707	-43.177310	2990155931	-19.813167	-43.176970	69.821289	63.999079
2990155965	-19.813707	-43.177310	1375799213	-19.814216	-43.177659	67.400645	61.780287
2990155966	-19.813712	-43.184011	2990155979	-19.813919	-43.183258	82.029923	75.189668
2990155966	-19.813712	-43.184011	2986281878	-19.813341	-43.183298	85.213635	78.107899
2990155966	-19.813712	-43.184011	2986281881	-19.814136	-43.184875	102.015206	93.508432
2990155978	-19.813894	-43.189752	3277594994	-19.813911	-43.188985	80.271319	73.577709
2990155978	-19.813894	-43.189752	7981070436	-19.814524	-43.190072	77.730376	71.248649
2990155979	-19.813919	-43.183258	2990155994	-19.814038	-43.182843	45.396090	41.610632
2990155979	-19.813919	-43.183258	2990155966	-19.813712	-43.184011	82.029923	75.189668
2990155979	-19.813919	-43.183258	2986281878	-19.813341	-43.183298	64.440123	59.066634
2990155992	-19.814014	-43.185286	1395234218	-19.813893	-43.185801	55.517051	50.887633
2990155992	-19.814014	-43.185286	2986281881	-19.814136	-43.184875	45.031604	41.276539
2990155992	-19.814014	-43.185286	2990156121	-19.815674	-43.185323	195.888731	179.554096
2990155994	-19.814038	-43.182843	3266107120	-19.814105	-43.182743	12.853521	11.781701
2990155994	-19.814038	-43.182843	2990155979	-19.813919	-43.183258	45.396090	41.610632
2990155994	-19.814038	-43.182843	3266107119	-19.814557	-43.183324	76.635000	70.244613
2990156004	-19.814166	-43.180972	3266160626	-19.814542	-43.181256	51.263088	46.988397
2990156004	-19.814166	-43.180972	1393581816	-19.813684	-43.180469	75.078056	68.817499
2990156004	-19.814166	-43.180972	1393581814	-19.813516	-43.181251	77.946443	71.446699
2990156006	-19.814197	-43.179058	2631006656	-19.813835	-43.179802	87.541995	80.242103
2990156006	-19.814197	-43.179058	1388527973	-19.814756	-43.178021	125.112330	114.679549
2990156006	-19.814197	-43.179058	2990155964	-19.813652	-43.178742	69.046292	63.288707
2990156006	-19.814197	-43.179058	1400866571	-19.814758	-43.179354	69.624469	63.818672
2990156007	-19.814224	-43.184546	2986281881	-19.814136	-43.184875	35.809684	32.823611
2990156007	-19.814224	-43.184546	3266107119	-19.814557	-43.183324	133.141652	122.039328
2990156007	-19.814224	-43.184546	3266160637	-19.815539	-43.184228	150.010007	137.501075
2990156036	-19.814662	-43.186325	2990156136	-19.815791	-43.186833	136.307599	124.941275
2990156036	-19.814662	-43.186325	2990156094	-19.815288	-43.185724	94.544988	86.661135
2990156036	-19.814662	-43.186325	7975475320	-19.813929	-43.186754	93.061893	85.301712
2990156055	-19.814897	-43.182523	2990156106	-19.815413	-43.182978	74.531853	68.316842
2990156055	-19.814897	-43.182523	1393581814	-19.813516	-43.181251	203.153652	186.213215
2990156055	-19.814897	-43.182523	3266107117	-19.814460	-43.183063	74.596653	68.376238
2990156057	-19.814867	-43.179965	3348309065	-19.814831	-43.179877	9.977224	9.145250
2990156057	-19.814867	-43.179965	2990156125	-19.815735	-43.179725	99.798306	91.476393
2990156078	-19.815134	-43.191537	1398453802	-19.815846	-43.190704	117.742500	107.924269
2990156078	-19.815134	-43.191537	2990156080	-19.815181	-43.190178	142.259514	130.396875
2990156078	-19.815134	-43.191537	2397520712	-19.814464	-43.192211	102.938085	94.354354
2990156080	-19.815181	-43.190178	2990156107	-19.815395	-43.189635	61.627501	56.488549
2990156080	-19.815181	-43.190178	2990156078	-19.815134	-43.191537	142.259514	130.396875
2990156080	-19.815181	-43.190178	1377822690	-19.814533	-43.190023	73.839119	67.681874
2990156094	-19.815288	-43.185724	1390636456	-19.815876	-43.186597	112.358063	102.988826
2990156094	-19.815288	-43.185724	2990156121	-19.815674	-43.185323	60.177445	55.159409
2990156094	-19.815288	-43.185724	2990156036	-19.814662	-43.186325	94.544988	86.661135
2990156095	-19.815337	-43.177579	3266160657	-19.815037	-43.176991	69.944590	64.112099
2990156095	-19.815337	-43.177579	2990156119	-19.815645	-43.178171	70.827564	64.921444
2990156106	-19.815413	-43.182978	2990156145	-19.816035	-43.183578	93.432289	85.641222
2990156106	-19.815413	-43.182978	2990156055	-19.814897	-43.182523	74.531853	68.316842
2990156106	-19.815413	-43.182978	2990156138	-19.815837	-43.182471	71.008707	65.087482
2990156107	-19.815395	-43.189635	2990156080	-19.815181	-43.190178	61.627501	56.488549
2990156107	-19.815395	-43.189635	2397520719	-19.816360	-43.190029	114.974925	105.387475
2990156119	-19.815645	-43.178171	1389502278	-19.815310	-43.178348	41.538794	38.074985
2990156119	-19.815645	-43.178171	2990156168	-19.817091	-43.177332	183.198485	167.922055
2990156119	-19.815645	-43.178171	2990156095	-19.815337	-43.177579	70.827564	64.921444
2990156119	-19.815645	-43.178171	8166584218	-19.815947	-43.178735	67.900419	62.238386
2990156121	-19.815674	-43.185323	2990156094	-19.815288	-43.185724	60.177445	55.159409
2990156121	-19.815674	-43.185323	2990155992	-19.814014	-43.185286	195.888731	179.554096
2990156121	-19.815674	-43.185323	5620139684	-19.816778	-43.186336	162.748230	149.177092
2990156122	-19.815718	-43.179626	3266160627	-19.815564	-43.178533	115.551310	105.915796
2990156122	-19.815718	-43.179626	2990156125	-19.815735	-43.179725	10.515304	9.638461
2990156122	-19.815718	-43.179626	3348309065	-19.814831	-43.179877	102.067514	93.556378
2990156125	-19.815735	-43.179725	2990156122	-19.815718	-43.179626	10.515304	9.638461
2990156125	-19.815735	-43.179725	3348309059	-19.816019	-43.179657	32.344031	29.646949
2990156125	-19.815735	-43.179725	3266160624	-19.814966	-43.180721	135.983486	124.644188
2990156136	-19.815791	-43.186833	2397520718	-19.815543	-43.187461	71.288379	65.343833
2990156136	-19.815791	-43.186833	1390636456	-19.815876	-43.186597	26.449296	24.243760
2990156136	-19.815791	-43.186833	2990156036	-19.814662	-43.186325	136.307599	124.941275
2990156136	-19.815791	-43.186833	2990156146	-19.816009	-43.186906	25.416976	23.297522
2990156138	-19.815837	-43.182471	2990156162	-19.816731	-43.183302	132.018307	121.009655
2990156138	-19.815837	-43.182471	3266160630	-19.815524	-43.182169	47.015017	43.094561
2990156138	-19.815837	-43.182471	2990156106	-19.815413	-43.182978	71.008707	65.087482
2990156143	-19.815917	-43.178751	3266160627	-19.815564	-43.178533	45.388004	41.603220
2990156143	-19.815917	-43.178751	1375799063	-19.816553	-43.179166	83.011109	76.089036
2990156143	-19.815917	-43.178751	8166584218	-19.815947	-43.178735	3.635329	3.332189
2990156145	-19.816035	-43.183578	2990156164	-19.816787	-43.184251	109.289356	100.176010
2990156145	-19.816035	-43.183578	2990156106	-19.815413	-43.182978	93.432289	85.641222
2990156145	-19.816035	-43.183578	3266107116	-19.815573	-43.184103	75.209796	68.938253
2990156146	-19.816009	-43.186906	1395234250	-19.816297	-43.187807	99.536110	91.236061
2990156146	-19.816009	-43.186906	2990156136	-19.815791	-43.186833	25.416976	23.297522
2990156146	-19.816009	-43.186906	1390636456	-19.815876	-43.186597	35.586052	32.618627
2990156153	-19.816218	-43.175477	2990156159	-19.816498	-43.176154	77.396168	70.942309
2990156153	-19.816218	-43.175477	3266160660	-19.814731	-43.175504	165.956816	152.118123
2990156153	-19.816218	-43.175477	3266160651	-19.815935	-43.174446	117.442970	107.649716
2990156159	-19.816498	-43.176154	8167123147	-19.816434	-43.176190	7.968155	7.303712
2990156159	-19.816498	-43.176154	2990156153	-19.816218	-43.175477	77.396168	70.942309
2990156159	-19.816498	-43.176154	3266160656	-19.816798	-43.176744	70.183204	64.330815
2990156162	-19.816731	-43.183302	2990156138	-19.815837	-43.182471	132.018307	121.009655
2990156162	-19.816731	-43.183302	2990156164	-19.816787	-43.184251	99.522469	91.223557
2990156162	-19.816731	-43.183302	7818253722	-19.818250	-43.184654	220.362658	201.987207
2990156164	-19.816787	-43.184251	2990156145	-19.816035	-43.183578	109.289356	100.176010
2990156164	-19.816787	-43.184251	2990156162	-19.816731	-43.183302	99.522469	91.223557
2990156164	-19.816787	-43.184251	3348309054	-19.817139	-43.185517	226.059905	207.209377
2990156168	-19.817091	-43.177332	2990156119	-19.815645	-43.178171	183.198485	167.922055
2990156168	-19.817091	-43.177332	3266160656	-19.816798	-43.176744	69.535263	63.736904
2990156168	-19.817091	-43.177332	2990156211	-19.818573	-43.176464	188.198891	172.505491
2990156168	-19.817091	-43.177332	3266160640	-19.817391	-43.177908	68.958565	63.208295
2990156169	-19.817166	-43.179563	1375799063	-19.816553	-43.179166	79.836915	73.179529
2990156169	-19.817166	-43.179563	2990156191	-19.817989	-43.179102	103.422867	94.798712
2990156169	-19.817166	-43.179563	2990156436	-19.823152	-43.180043	806.298242	739.063197
2990156181	-19.817681	-43.178501	3266160641	-19.818668	-43.177938	124.534077	114.149515
2990156181	-19.817681	-43.178501	1375799063	-19.816553	-43.179166	143.428393	131.468285
2990156181	-19.817681	-43.178501	3266160640	-19.817391	-43.177908	69.896719	64.068220
2990156181	-19.817681	-43.178501	2990156191	-19.817989	-43.179102	71.569700	65.601694
2990156191	-19.817989	-43.179102	2990156181	-19.817681	-43.178501	71.569700	65.601694
2990156191	-19.817989	-43.179102	2990156169	-19.817166	-43.179563	103.422867	94.798712
2990156191	-19.817989	-43.179102	2990156233	-19.818955	-43.178523	123.368658	113.081277
2990156211	-19.818573	-43.176464	3266160644	-19.818589	-43.176300	17.210931	15.775758
2990156211	-19.818573	-43.176464	3266160643	-19.818452	-43.177318	90.376389	82.840144
2990156211	-19.818573	-43.176464	2990156168	-19.817091	-43.177332	188.198891	172.505491
2990156233	-19.818955	-43.178523	3266160641	-19.818668	-43.177938	69.020580	63.265139
2990156233	-19.818955	-43.178523	2990156255	-19.819585	-43.178144	80.426170	73.719648
2990156233	-19.818955	-43.178523	2990156191	-19.817989	-43.179102	123.368658	113.081277
2990156255	-19.819585	-43.178144	2990156233	-19.818955	-43.178523	80.426170	73.719648
2990156436	-19.823152	-43.180043	2990156169	-19.817166	-43.179563	806.298242	739.063197
2990156436	-19.823152	-43.180043	8170034920	-19.823331	-43.180136	22.141806	20.295460
2990156438	-19.823424	-43.180072	8170034919	-19.823357	-43.180049	7.748428	7.102307
2990156438	-19.823424	-43.180072	3427425486	-19.825930	-43.178351	339.813992	311.477815
2990156441	-19.823469	-43.180108	2990156438	-19.823424	-43.180072	6.273185	5.750081
2990156445	-19.823587	-43.180243	2990156441	-19.823469	-43.180108	19.253674	17.648161
2990156445	-19.823587	-43.180243	2990156461	-19.824343	-43.180529	89.904241	82.407368
2990156461	-19.824343	-43.180529	2990156499	-19.825681	-43.179606	183.209536	167.932185
2990156461	-19.824343	-43.180529	2990156445	-19.823587	-43.180243	89.904241	82.407368
2990156461	-19.824343	-43.180529	2990156468	-19.824664	-43.180964	58.320300	53.457127
2990156468	-19.824664	-43.180964	2990156497	-19.825718	-43.180548	125.491236	115.026859
2990156468	-19.824664	-43.180964	2990156461	-19.824343	-43.180529	58.320300	53.457127
2990156468	-19.824664	-43.180964	2990156502	-19.826085	-43.182775	250.599877	229.703026
2990156497	-19.825718	-43.180548	3427425488	-19.825802	-43.180017	74.347595	68.147949
2990156497	-19.825718	-43.180548	2990156468	-19.824664	-43.180964	125.491236	115.026859
2990156497	-19.825718	-43.180548	3427425490	-19.825989	-43.181011	57.114927	52.352267
2990156499	-19.825681	-43.179606	2990156461	-19.824343	-43.180529	183.209536	167.932185
2990156502	-19.826085	-43.182775	2990156511	-19.826885	-43.185239	387.011513	354.739662
2990156502	-19.826085	-43.182775	2990156511	-19.826885	-43.185239	274.652433	251.749904
2990156502	-19.826085	-43.182775	2990156468	-19.824664	-43.180964	250.599877	229.703026
2990156511	-19.826885	-43.185239	2990156502	-19.826085	-43.182775	387.011513	354.739662
2990156511	-19.826885	-43.185239	2990156502	-19.826085	-43.182775	274.652433	251.749904
2990156511	-19.826885	-43.185239	2990156513	-19.827075	-43.185710	53.605381	49.135373
2990156513	-19.827075	-43.185710	2990156515	-19.827239	-43.186108	45.479701	41.687271
2990156513	-19.827075	-43.185710	2990156535	-19.828515	-43.185541	190.306322	174.437189
2990156513	-19.827075	-43.185710	2990156511	-19.826885	-43.185239	53.605381	49.135373
2990156515	-19.827239	-43.186108	2990156523	-19.827822	-43.185938	67.151583	61.551993
2990156515	-19.827239	-43.186108	2990156513	-19.827075	-43.185710	45.479701	41.687271
2990156515	-19.827239	-43.186108	2990156522	-19.827737	-43.187577	163.351831	149.730361
2990156522	-19.827737	-43.187577	2990156533	-19.828360	-43.187301	75.003290	68.748967
2990156522	-19.827737	-43.187577	2990156515	-19.827239	-43.186108	163.351831	149.730361
2990156523	-19.827822	-43.185938	2990156533	-19.828360	-43.187301	154.650052	141.754200
2990156523	-19.827822	-43.185938	2990156527	-19.828064	-43.185870	27.879114	25.554349
2990156523	-19.827822	-43.185938	2990156515	-19.827239	-43.186108	67.151583	61.551993
2990156527	-19.828064	-43.185870	2990156523	-19.827822	-43.185938	27.879114	25.554349
2990156533	-19.828360	-43.187301	2990156523	-19.827822	-43.185938	154.650052	141.754200
2990156533	-19.828360	-43.187301	2990156522	-19.827737	-43.187577	75.003290	68.748967
2990156533	-19.828360	-43.187301	7979661726	-19.829101	-43.188041	134.403715	123.196150
2990156535	-19.828515	-43.185541	2990156513	-19.827075	-43.185710	190.306322	174.437189
3265901985	-19.810224	-43.180333	2397520640	-19.810349	-43.180712	42.036752	38.531420
3265901985	-19.810224	-43.180333	1400869191	-19.808786	-43.180202	160.809739	147.400247
3265901985	-19.810224	-43.180333	1395854341	-19.811695	-43.180669	179.543124	164.571505
3265915642	-19.809835	-43.181348	2397520642	-19.810546	-43.181325	79.029625	72.439556
3265915642	-19.809835	-43.181348	3265915643	-19.809856	-43.182005	68.916424	63.169669
3265915643	-19.809856	-43.182005	3265915642	-19.809835	-43.181348	68.916424	63.169669
3266023332	-19.809607	-43.176318	3427761602	-19.809616	-43.176248	7.358516	6.744909
3266023332	-19.809607	-43.176318	2396568938	-19.809586	-43.176789	49.299745	45.188771
3266102754	-19.816177	-43.190264	7988164965	-19.815942	-43.190585	42.517681	38.972246
3266102754	-19.816177	-43.190264	7988164964	-19.816222	-43.190390	14.070828	12.897500
3266107116	-19.815573	-43.184103	2990156145	-19.816035	-43.183578	75.209796	68.938253
3266107116	-19.815573	-43.184103	2397520713	-19.814605	-43.183209	142.560386	130.672658
3266107117	-19.814460	-43.183063	2990156055	-19.814897	-43.182523	74.596653	68.376238
3266107117	-19.814460	-43.183063	3266107120	-19.814105	-43.182743	51.776178	47.458701
3266107119	-19.814557	-43.183324	2397520713	-19.814605	-43.183209	13.199443	12.098777
3266107119	-19.814557	-43.183324	2990156007	-19.814224	-43.184546	133.141652	122.039328
3266107119	-19.814557	-43.183324	3266160637	-19.815539	-43.184228	144.392781	132.352255
3266107120	-19.814105	-43.182743	2990155994	-19.814038	-43.182843	12.853521	11.781701
3266107120	-19.814105	-43.182743	3266107121	-19.812805	-43.181549	191.014456	175.086273
3266107121	-19.812805	-43.181549	2990155899	-19.812701	-43.181626	14.099545	12.923822
3266107121	-19.812805	-43.181549	1393581814	-19.813516	-43.181251	85.010108	77.921343
3266107121	-19.812805	-43.181549	1375799064	-19.812361	-43.181121	66.613511	61.058789
3266160623	-19.814328	-43.180180	2990156057	-19.814867	-43.179965	64.017320	58.679088
3266160623	-19.814328	-43.180180	3266160624	-19.814966	-43.180721	90.729669	83.163966
3266160623	-19.814328	-43.180180	8169535680	-19.814292	-43.180104	8.962470	8.215114
3266160624	-19.814966	-43.180721	3266160623	-19.814328	-43.180180	90.729669	83.163966
3266160624	-19.814966	-43.180721	3266160626	-19.814542	-43.181256	73.138838	67.039987
3266160624	-19.814966	-43.180721	2990156125	-19.815735	-43.179725	135.983486	124.644188
3266160626	-19.814542	-43.181256	3266160628	-19.815026	-43.181703	71.326017	65.378332
3266160626	-19.814542	-43.181256	2990156004	-19.814166	-43.180972	51.263088	46.988397
3266160626	-19.814542	-43.181256	3266160624	-19.814966	-43.180721	73.138838	67.039987
3266160627	-19.815564	-43.178533	1389502278	-19.815310	-43.178348	34.207220	31.354772
3266160627	-19.815564	-43.178533	2990156143	-19.815917	-43.178751	45.388004	41.603220
3266160627	-19.815564	-43.178533	2990156122	-19.815718	-43.179626	115.551310	105.915796
3266160628	-19.815026	-43.181703	3266160630	-19.815524	-43.182169	73.774296	67.622455
3266160628	-19.815026	-43.181703	3266160626	-19.814542	-43.181256	71.326017	65.378332
3266160628	-19.815026	-43.181703	3348309064	-19.816571	-43.179770	267.257799	244.971889
3266160630	-19.815524	-43.182169	2990156138	-19.815837	-43.182471	47.015017	43.094561
3266160630	-19.815524	-43.182169	3266160628	-19.815026	-43.181703	73.774296	67.622455
3266160630	-19.815524	-43.182169	3266160634	-19.816056	-43.181496	91.966302	84.297479
3266160634	-19.816056	-43.181496	3266160630	-19.815524	-43.182169	91.966302	84.297479
3266160634	-19.816056	-43.181496	3266160634	-19.816056	-43.181496	377.518303	346.038066
3266160634	-19.816056	-43.181496	3266160634	-19.816056	-43.181496	377.518303	346.038066
3266160635	-19.815797	-43.184317	3266107116	-19.815573	-43.184103	33.481434	30.689507
3266160635	-19.815797	-43.184317	3266160638	-19.815735	-43.184398	10.939997	10.027740
3266160637	-19.815539	-43.184228	3266160638	-19.815735	-43.184398	28.140142	25.793611
3266160637	-19.815539	-43.184228	2990156007	-19.814224	-43.184546	150.010007	137.501075
3266160638	-19.815735	-43.184398	5620139682	-19.816876	-43.185455	168.306259	154.271652
3266160638	-19.815735	-43.184398	3266160635	-19.815797	-43.184317	10.939997	10.027740
3266160640	-19.817391	-43.177908	2990156181	-19.817681	-43.178501	69.896719	64.068220
3266160640	-19.817391	-43.177908	3266160643	-19.818452	-43.177318	133.161675	122.057680
3266160640	-19.817391	-43.177908	8166584218	-19.815947	-43.178735	182.408729	167.198155
3266160640	-19.817391	-43.177908	2990156168	-19.817091	-43.177332	68.958565	63.208295
3266160641	-19.818668	-43.177938	2990156181	-19.817681	-43.178501	124.534077	114.149515
3266160641	-19.818668	-43.177938	2990156233	-19.818955	-43.178523	69.020580	63.265139
3266160641	-19.818668	-43.177938	1375799062	-19.819611	-43.176929	181.025753	165.930501
3266160641	-19.818668	-43.177938	3266160643	-19.818452	-43.177318	70.964021	65.046522
3266160643	-19.818452	-43.177318	3266160640	-19.817391	-43.177908	133.161675	122.057680
3266160643	-19.818452	-43.177318	2990156211	-19.818573	-43.176464	90.376389	82.840144
3266160643	-19.818452	-43.177318	3348396338	-19.818689	-43.176342	219.484660	201.182423
3266160643	-19.818452	-43.177318	3266160641	-19.818668	-43.177938	70.964021	65.046522
3266160644	-19.818589	-43.176300	2990156211	-19.818573	-43.176464	17.210931	15.775758
3266160644	-19.818589	-43.176300	3266160655	-19.818029	-43.176034	68.252344	62.560964
3266160644	-19.818589	-43.176300	3348396338	-19.818689	-43.176342	11.894021	10.902211
3266160651	-19.815935	-43.174446	3266160655	-19.818029	-43.176034	296.751185	272.005900
3266160651	-19.815935	-43.174446	2990156153	-19.816218	-43.175477	117.442970	107.649716
3266160651	-19.815935	-43.174446	7556060027	-19.817096	-43.173611	155.941423	142.937886
3266160655	-19.818029	-43.176034	3266160644	-19.818589	-43.176300	68.252344	62.560964
3266160655	-19.818029	-43.176034	3348330622	-19.817116	-43.176538	114.459103	104.914666
3266160655	-19.818029	-43.176034	3266160651	-19.815935	-43.174446	296.751185	272.005900
3266160656	-19.816798	-43.176744	2990156168	-19.817091	-43.177332	69.535263	63.736904
3266160656	-19.816798	-43.176744	3348330622	-19.817116	-43.176538	41.426951	37.972469
3266160656	-19.816798	-43.176744	2990156095	-19.815337	-43.177579	184.420648	169.042305
3266160656	-19.816798	-43.176744	2990156159	-19.816498	-43.176154	70.183204	64.330815
3266160657	-19.815037	-43.176991	2990156095	-19.815337	-43.177579	69.944590	64.112099
3266160657	-19.815037	-43.176991	8167123147	-19.816434	-43.176190	176.581430	161.856779
3266160657	-19.815037	-43.176991	1400864200	-19.814618	-43.176221	93.025218	85.268095
3266160660	-19.814731	-43.175504	3348330630	-19.814040	-43.175439	77.250101	70.808423
3266160660	-19.814731	-43.175504	2990156153	-19.816218	-43.175477	165.956816	152.118123
3266160660	-19.814731	-43.175504	3348330629	-19.815641	-43.174781	202.344588	185.471616
3266160660	-19.814731	-43.175504	1400864200	-19.814618	-43.176221	76.645095	70.253866
3266162362	-19.812556	-43.178064	2990155864	-19.812323	-43.177931	29.432451	26.978158
3266162362	-19.812556	-43.178064	2990155928	-19.813129	-43.178380	71.784473	65.798558
3266162362	-19.812556	-43.178064	2990155931	-19.813167	-43.176970	133.103407	122.004271
3266162363	-19.813505	-43.176362	3266162364	-19.813588	-43.176408	10.418774	9.549980
3266162363	-19.813505	-43.176362	2990155931	-19.813167	-43.176970	73.839424	67.682153
3266162363	-19.813505	-43.176362	3266162372	-19.812883	-43.176192	71.765888	65.781523
3266162364	-19.813588	-43.176408	1388527969	-19.814032	-43.176720	59.216507	54.278601
3266162364	-19.813588	-43.176408	3266162363	-19.813505	-43.176362	10.418774	9.549980
3266162364	-19.813588	-43.176408	3266162367	-19.812980	-43.175281	155.341607	142.388087
3266162367	-19.812980	-43.175281	1395234285	-19.812513	-43.175745	71.073237	65.146631
3266162367	-19.812980	-43.175281	3266162368	-19.813305	-43.174997	46.854674	42.947589
3266162367	-19.812980	-43.175281	3266162364	-19.813588	-43.176408	155.341607	142.388087
3266162368	-19.813305	-43.174997	3266162367	-19.812980	-43.175281	46.854674	42.947589
3266162368	-19.813305	-43.174997	3348330630	-19.814040	-43.175439	101.500533	93.036676
3266162368	-19.813305	-43.174997	2990155902	-19.812828	-43.173673	149.780566	137.290767
3266162369	-19.812107	-43.175264	2990155814	-19.811689	-43.174776	69.026053	63.270156
3266162369	-19.812107	-43.175264	1395234285	-19.812513	-43.175745	67.663631	62.021342
3266162369	-19.812107	-43.175264	3266162370	-19.812693	-43.174682	89.150096	81.716109
3266162370	-19.812693	-43.174682	3266162369	-19.812107	-43.175264	89.150096	81.716109
3266162371	-19.811977	-43.177726	1397188530	-19.811775	-43.177597	26.183392	24.000029
3266162371	-19.811977	-43.177726	2990155864	-19.812323	-43.177931	44.027964	40.356591
3266162371	-19.811977	-43.177726	3266162372	-19.812883	-43.176192	189.498445	173.696678
3266162372	-19.812883	-43.176192	3266162371	-19.811977	-43.177726	189.498445	173.696678
3266162372	-19.812883	-43.176192	3266162363	-19.813505	-43.176362	71.765888	65.781523
3266162372	-19.812883	-43.176192	2990155867	-19.812381	-43.176095	56.768604	52.034823
3277594962	-19.810667	-43.175725	2396568948	-19.810379	-43.175611	34.137867	31.291202
3277594969	-19.811784	-43.176126	2990155792	-19.811051	-43.175835	87.005635	79.750468
3277594969	-19.811784	-43.176126	8169452894	-19.812019	-43.176062	26.977542	24.727957
3277594975	-19.813082	-43.179806	2990155964	-19.813652	-43.178742	128.060926	117.382270
3277594975	-19.813082	-43.179806	1389502236	-19.812860	-43.180182	46.429954	42.558284
3277594975	-19.813082	-43.179806	1388527978	-19.812543	-43.179479	68.947152	63.197834
3277594983	-19.813826	-43.188946	2397520709	-19.813878	-43.188971	6.302792	5.777219
3277594983	-19.813826	-43.188946	2397520699	-19.813725	-43.189652	75.463575	69.170870
3277594983	-19.813826	-43.188946	1398479052	-19.812467	-43.188311	165.340126	151.552856
3277594989	-19.812027	-43.188787	1398479052	-19.812467	-43.188311	69.824456	64.001982
3277594989	-19.812027	-43.188787	2397520648	-19.811258	-43.188147	108.674504	99.612429
3277594989	-19.812027	-43.188787	7980741817	-19.813535	-43.189521	185.905880	170.403688
3277594993	-19.812982	-43.187835	1398479052	-19.812467	-43.188311	75.890063	69.561794
3277594993	-19.812982	-43.187835	2397520679	-19.812582	-43.187499	59.436985	54.480695
3277594993	-19.812982	-43.187835	2397520711	-19.813895	-43.188207	108.704559	99.639978
3277594994	-19.813911	-43.188985	2990155978	-19.813894	-43.189752	80.271319	73.577709
3277594994	-19.813911	-43.188985	2397520709	-19.813878	-43.188971	4.018106	3.683047
3277594994	-19.813911	-43.188985	2397520714	-19.814798	-43.189365	106.325547	97.459345
3348309054	-19.817139	-43.185517	3266160635	-19.815797	-43.184317	195.094466	178.826063
3348309054	-19.817139	-43.185517	3644808149	-19.817055	-43.185622	14.427420	13.224357
3348309054	-19.817139	-43.185517	2990156164	-19.816787	-43.184251	226.059905	207.209377
3348309059	-19.816019	-43.179657	8170034923	-19.816015	-43.179576	8.492354	7.784199
3348309059	-19.816019	-43.179657	8170034925	-19.816252	-43.179676	26.046750	23.874781
3348309064	-19.816571	-43.179770	8170034924	-19.816257	-43.179578	41.175406	37.741900
3348309064	-19.816571	-43.179770	3266160628	-19.815026	-43.181703	267.257799	244.971889
3348309065	-19.814831	-43.179877	3348309066	-19.814668	-43.179443	48.925922	44.846120
3348309065	-19.814831	-43.179877	2990156057	-19.814867	-43.179965	9.977224	9.145250
3348309065	-19.814831	-43.179877	8169535680	-19.814292	-43.180104	64.484079	59.106925
3348309066	-19.814668	-43.179443	2631006656	-19.813835	-43.179802	99.934378	91.601119
3348309066	-19.814668	-43.179443	1400866571	-19.814758	-43.179354	13.600586	12.466469
3348309066	-19.814668	-43.179443	3348309065	-19.814831	-43.179877	48.925922	44.846120
3348330622	-19.817116	-43.176538	3266160656	-19.816798	-43.176744	41.426951	37.972469
3348330622	-19.817116	-43.176538	3266160655	-19.818029	-43.176034	114.459103	104.914666
3348330622	-19.817116	-43.176538	3348330623	-19.816835	-43.176016	62.910085	57.664182
3348330623	-19.816835	-43.176016	3348330622	-19.817116	-43.176538	62.910085	57.664182
3348330629	-19.815641	-43.174781	3266160660	-19.814731	-43.175504	202.344588	185.471616
3348330630	-19.814040	-43.175439	3266162368	-19.813305	-43.174997	101.500533	93.036676
3348330630	-19.814040	-43.175439	3266160660	-19.814731	-43.175504	77.250101	70.808423
3348330651	-19.812848	-43.172449	2990155866	-19.812363	-43.172870	69.960562	64.126739
3348353011	-19.812794	-43.173186	2990155866	-19.812363	-43.172870	58.440789	53.567568
3348396338	-19.818689	-43.176342	3266160644	-19.818589	-43.176300	11.894021	10.902211
3348396338	-19.818689	-43.176342	3266160643	-19.818452	-43.177318	219.484660	201.182423
3427425486	-19.825930	-43.178351	2990156438	-19.823424	-43.180072	339.813992	311.477815
3427425488	-19.825802	-43.180017	2990156497	-19.825718	-43.180548	74.347595	68.147949
3427425490	-19.825989	-43.181011	2990156497	-19.825718	-43.180548	57.114927	52.352267
3427761602	-19.809616	-43.176248	1395234255	-19.809669	-43.175366	92.510623	84.796410
3427761602	-19.809616	-43.176248	3266023332	-19.809607	-43.176318	7.358516	6.744909
3427761602	-19.809616	-43.176248	3427761603	-19.810332	-43.176271	79.650468	73.008629
3427761603	-19.810332	-43.176271	2396568948	-19.810379	-43.175611	69.193450	63.423594
3427761603	-19.810332	-43.176271	1391058310	-19.810304	-43.176827	58.334911	53.470519
3427761603	-19.810332	-43.176271	3427761602	-19.809616	-43.176248	79.650468	73.008629
3429244310	-19.815512	-43.193216	2397522248	-19.814077	-43.192472	209.353268	191.895861
3644808149	-19.817055	-43.185622	3348309054	-19.817139	-43.185517	14.427420	13.224357
3644808149	-19.817055	-43.185622	3348309054	-19.817139	-43.185517	222.820640	204.240225
5620139682	-19.816876	-43.185455	3644808149	-19.817055	-43.185622	26.411389	24.209014
5620139682	-19.816876	-43.185455	5620139684	-19.816778	-43.186336	98.516994	90.301927
5620139684	-19.816778	-43.186336	5620139682	-19.816876	-43.185455	98.516994	90.301927
5620139684	-19.816778	-43.186336	2990156121	-19.815674	-43.185323	162.748230	149.177092
5620139684	-19.816778	-43.186336	10005299202	-19.818563	-43.187873	256.090466	234.735770
7556060016	-19.816462	-43.172821	7556060027	-19.817096	-43.173611	113.996660	104.490785
7556060026	-19.817497	-43.173357	7556060027	-19.817096	-43.173611	51.967792	47.634338
7556060027	-19.817096	-43.173611	7556060026	-19.817497	-43.173357	51.967792	47.634338
7556060027	-19.817096	-43.173611	7556060016	-19.816462	-43.172821	113.996660	104.490785
7556060027	-19.817096	-43.173611	3266160651	-19.815935	-43.174446	155.941423	142.937886
7818253722	-19.818250	-43.184654	2990156162	-19.816731	-43.183302	220.362658	201.987207
7880408644	-19.809040	-43.176151	2396568924	-19.809053	-43.176309	16.868480	15.461863
7880408644	-19.809040	-43.176151	2396568918	-19.808858	-43.176447	37.076479	33.984771
7975475320	-19.813929	-43.186754	2397520718	-19.815543	-43.187461	194.112418	177.925905
7975475320	-19.813929	-43.186754	1395234212	-19.813886	-43.186771	5.193412	4.760348
7975475320	-19.813929	-43.186754	2990156036	-19.814662	-43.186325	93.061893	85.301712
7976242981	-19.810113	-43.187113	2397520633	-19.809975	-43.186912	26.018124	23.848542
7976242981	-19.810113	-43.187113	2397520637	-19.810148	-43.187160	6.283059	5.759132
7976242981	-19.810113	-43.187113	7976242983	-19.810057	-43.187153	7.548567	6.919112
7976242983	-19.810057	-43.187153	7976242981	-19.810113	-43.187113	7.548567	6.919112
7976242983	-19.810057	-43.187153	2397520633	-19.809975	-43.186912	27.220664	24.950806
7976246685	-19.813684	-43.190455	2396569111	-19.813720	-43.190368	9.871212	9.048079
7976246685	-19.813684	-43.190455	2396569095	-19.813305	-43.191332	102.008792	93.502553
7979661726	-19.829101	-43.188041	2990156533	-19.828360	-43.187301	134.403715	123.196150
7979686065	-19.813670	-43.190374	7976246685	-19.813684	-43.190455	8.508952	7.799413
7979686065	-19.813670	-43.190374	2396569111	-19.813720	-43.190368	5.509111	5.049721
7980741817	-19.813535	-43.189521	3277594989	-19.812027	-43.188787	185.905880	170.403688
7980741817	-19.813535	-43.189521	2397520690	-19.813604	-43.189729	23.333598	21.387872
7981070436	-19.814524	-43.190072	1377822690	-19.814533	-43.190023	5.220633	4.785299
7981070436	-19.814524	-43.190072	2397520712	-19.814464	-43.192211	223.945683	205.271454
7981070436	-19.814524	-43.190072	2990155978	-19.813894	-43.189752	77.730376	71.248649
7988164964	-19.816222	-43.190390	7979572595	-19.816250	-43.190445	6.505287	5.962829
7988164964	-19.816222	-43.190390	7988164965	-19.815942	-43.190585	37.390482	34.272590
7988164965	-19.815942	-43.190585	1398453802	-19.815846	-43.190704	16.359781	14.995583
8166584218	-19.815947	-43.178735	2990156119	-19.815645	-43.178171	67.900419	62.238386
8166584218	-19.815947	-43.178735	3266160640	-19.817391	-43.177908	182.408729	167.198155
8166584218	-19.815947	-43.178735	2990156143	-19.815917	-43.178751	3.635329	3.332189
8167123147	-19.816434	-43.176190	2990156159	-19.816498	-43.176154	7.968155	7.303712
8167123147	-19.816434	-43.176190	3266160657	-19.815037	-43.176991	176.581430	161.856779
8167123147	-19.816434	-43.176190	1400864200	-19.814618	-43.176221	202.056373	185.207435
8169452894	-19.812019	-43.176062	2990155835	-19.812056	-43.176063	4.182518	3.833750
8169452894	-19.812019	-43.176062	3277594969	-19.811784	-43.176126	26.977542	24.727957
8169535677	-19.812800	-43.180830	1393581816	-19.813684	-43.180469	105.381632	96.594141
8169535677	-19.812800	-43.180830	8169535678	-19.812771	-43.180741	9.906226	9.080172
8169535678	-19.812771	-43.180741	2397520672	-19.812254	-43.180923	60.535645	55.487740
8169535678	-19.812771	-43.180741	8169535677	-19.812800	-43.180830	9.906226	9.080172
8169535679	-19.813656	-43.180375	1393581816	-19.813684	-43.180469	10.344599	9.481991
8169535679	-19.813656	-43.180375	8169535678	-19.812771	-43.180741	105.697373	96.883553
8169535680	-19.814292	-43.180104	3266160623	-19.814328	-43.180180	8.962470	8.215114
8169535680	-19.814292	-43.180104	8169535679	-19.813656	-43.180375	76.118212	69.770918
8170034917	-19.823418	-43.180180	2990156441	-19.823469	-43.180108	9.631906	8.828727
8170034917	-19.823418	-43.180180	2990156445	-19.823587	-43.180243	19.914814	18.254171
8170034919	-19.823357	-43.180049	8170034920	-19.823331	-43.180136	10.206307	9.355231
8170034919	-19.823357	-43.180049	2990156436	-19.823152	-43.180043	22.924281	21.012687
8170034920	-19.823331	-43.180136	8170034917	-19.823418	-43.180180	10.774705	9.876231
8170034923	-19.816015	-43.179576	3348309059	-19.816019	-43.179657	8.492354	7.784199
8170034923	-19.816015	-43.179576	2990156122	-19.815718	-43.179626	33.469467	30.678538
8170034924	-19.816257	-43.179578	8170034925	-19.816252	-43.179676	10.244832	9.390543
8170034924	-19.816257	-43.179578	8170034923	-19.816015	-43.179576	26.881840	24.640235
8170034925	-19.816252	-43.179676	8170034924	-19.816257	-43.179578	10.244832	9.390543
8170034925	-19.816252	-43.179676	3348309064	-19.816571	-43.179770	37.222087	34.118237
10005299198	-19.818773	-43.188050	10005299199	-19.819220	-43.189480	157.689285	144.539999
10005299198	-19.818773	-43.188050	10005299216	-19.819553	-43.189239	154.646740	141.751164
10005299198	-19.818773	-43.188050	10005299202	-19.818563	-43.187873	29.815191	27.328982
10005299199	-19.819220	-43.189480	10005299198	-19.818773	-43.188050	157.689285	144.539999
10005299199	-19.819220	-43.189480	10005299216	-19.819553	-43.189239	44.815231	41.078209
10005299199	-19.819220	-43.189480	10005299201	-19.818679	-43.189873	72.840885	66.766879
10005299200	-19.818116	-43.188131	10005299201	-19.818679	-43.189873	192.669175	176.603010
10005299200	-19.818116	-43.188131	10005299201	-19.818679	-43.189873	361.767992	331.601131
10005299200	-19.818116	-43.188131	10005299202	-19.818563	-43.187873	62.393185	57.190385
10005299201	-19.818679	-43.189873	10005299200	-19.818116	-43.188131	192.669175	176.603010
10005299201	-19.818679	-43.189873	10005299200	-19.818116	-43.188131	361.767992	331.601131
10005299201	-19.818679	-43.189873	10005299199	-19.819220	-43.189480	72.840885	66.766879
10005299202	-19.818563	-43.187873	10005299200	-19.818116	-43.188131	62.393185	57.190385
10005299202	-19.818563	-43.187873	10005299198	-19.818773	-43.188050	29.815191	27.328982
10005299202	-19.818563	-43.187873	5620139684	-19.816778	-43.186336	256.090466	234.735770
10005299216	-19.819553	-43.189239	10005299199	-19.819220	-43.189480	44.815231	41.078209
10005299216	-19.819553	-43.189239	10005299198	-19.818773	-43.188050	154.646740	141.751164
2397520626	-19.808873	-43.180721	2397520628	-19.808993	-43.184966	710.700000	651.436635
3265921450	-19.809056	-43.182161	2397520628	-19.808993	-43.184966	812.500000	744.747807
3265921450	-19.809056	-43.182161	3265915642	-19.809835	-43.181348	177.200000	162.423768
