1380070407	-19.805470	-43.175738	2998692093	-19.803923	-43.174810	197.493789	126.206406
1380070407	-19.805470	-43.175738	2998692213	-19.805461	-43.175782	4.644654	2.968119
1380070407	-19.805470	-43.175738	2998692228	-19.805677	-43.175212	59.752787	38.184413
1380070411	-19.803037	-43.174298	2998692093	-19.803923	-43.174810	112.133612	71.657849
1380070411	-19.803037	-43.174298	2998692033	-19.802885	-43.173530	82.103772	52.467584
1380070411	-19.803037	-43.174298	5620132412	-19.801725	-43.175358	183.762297	117.431435
1380070411	-19.803037	-43.174298	2998692109	-19.804257	-43.173191	178.437917	114.028944
1390664425	-19.804795	-43.170708	2998692102	-19.803994	-43.171325	127.995901	81.794484
1390664425	-19.804795	-43.170708	2998692197	-19.805408	-43.171268	89.917421	57.460818
1390664425	-19.804795	-43.170708	2998692085	-19.803790	-43.170411	115.998324	74.127554
1393566391	-19.811529	-43.196593	2397520652	-19.811719	-43.197228	69.778149	44.591020
1393566391	-19.811529	-43.196593	2396569061	-19.812453	-43.196269	108.095219	69.077155
1393566391	-19.811529	-43.196593	3348307767	-19.811207	-43.196714	38.044281	24.311813
1393566395	-19.813740	-43.193051	3429244300	-19.816023	-43.194117	277.397008	177.267749
1393566395	-19.813740	-43.193051	2397522246	-19.813709	-43.193652	62.950319	40.227764
1393567447	-19.813385	-43.197609	2396569093	-19.813304	-43.197277	35.929859	22.960613
1393567464	-19.812822	-43.195336	2396569093	-19.813304	-43.197277	209.995852	134.195723
1393567464	-19.812822	-43.195336	1396335401	-19.812349	-43.195760	68.784973	43.956340
1393567470	-19.815561	-43.194514	2397522262	-19.815951	-43.194667	46.211398	29.530926
1393567470	-19.815561	-43.194514	2397522246	-19.813709	-43.193652	224.845698	143.685367
1393567470	-19.815561	-43.194514	2397522259	-19.815514	-43.195252	86.345334	55.178111
1396335401	-19.812349	-43.195760	1393567464	-19.812822	-43.195336	68.784973	43.956340
1396335401	-19.812349	-43.195760	2396569053	-19.812325	-43.195696	7.178364	4.587261
1396335401	-19.812349	-43.195760	2396569061	-19.812453	-43.196269	54.732721	34.976391
1398450266	-19.812358	-43.199210	2396569047	-19.812132	-43.198506	77.908793	49.786826
1399709138	-19.810855	-43.196078	2396569053	-19.812325	-43.195696	168.329749	107.569422
2396569038	-19.811929	-43.197863	2396569047	-19.812132	-43.198506	70.925846	45.324444
2396569038	-19.811929	-43.197863	2397520652	-19.811719	-43.197228	70.336551	44.947861
2396569038	-19.811929	-43.197863	2396569072	-19.812831	-43.197543	105.733629	67.568005
2396569047	-19.812132	-43.198506	2396569038	-19.811929	-43.197863	70.925846	45.324444
2396569047	-19.812132	-43.198506	2396569087	-19.813245	-43.198100	130.894243	83.646640
2396569047	-19.812132	-43.198506	1398450266	-19.812358	-43.199210	77.908793	49.786826
2396569053	-19.812325	-43.195696	1396335401	-19.812349	-43.195760	7.178364	4.587261
2396569053	-19.812325	-43.195696	1399709138	-19.810855	-43.196078	168.329749	107.569422
2396569053	-19.812325	-43.195696	2990155840	-19.812085	-43.195197	58.705355	37.515063
2396569061	-19.812453	-43.196269	1393566391	-19.811529	-43.196593	108.095219	69.077155
2396569061	-19.812453	-43.196269	1396335401	-19.812349	-43.195760	54.732721	34.976391
2396569061	-19.812453	-43.196269	2397520677	-19.812387	-43.197000	77.092218	49.265002
2396569072	-19.812831	-43.197543	2396569038	-19.811929	-43.197863	105.733629	67.568005
2396569072	-19.812831	-43.197543	2396569093	-19.813304	-43.197277	59.563619	38.063528
2396569072	-19.812831	-43.197543	2397520677	-19.812387	-43.197000	77.322031	49.411861
2396569072	-19.812831	-43.197543	2396569087	-19.813245	-43.198100	77.430560	49.481215
2396569073	-19.812912	-43.199053	2396569118	-19.814071	-43.199147	129.534230	82.777538
2396569073	-19.812912	-43.199053	2396569087	-19.813245	-43.198100	109.910902	70.237449
2396569073	-19.812912	-43.199053	3262092634	-19.810763	-43.204477	741.788829	474.032640
2396569087	-19.813245	-43.198100	2396569047	-19.812132	-43.198506	130.894243	83.646640
2396569087	-19.813245	-43.198100	2396569072	-19.812831	-43.197543	77.430560	49.481215
2396569087	-19.813245	-43.198100	2396569073	-19.812912	-43.199053	109.910902	70.237449
2396569093	-19.813304	-43.197277	1393567447	-19.813385	-43.197609	35.929859	22.960613
2396569093	-19.813304	-43.197277	1393567464	-19.812822	-43.195336	209.995852	134.195723
2396569093	-19.813304	-43.197277	2396569114	-19.813794	-43.197086	57.959977	37.038737
2396569093	-19.813304	-43.197277	2396569072	-19.812831	-43.197543	59.563619	38.063528
2396569114	-19.813794	-43.197086	2396569129	-19.814378	-43.196912	67.451537	43.104221
2396569114	-19.813794	-43.197086	2396569093	-19.813304	-43.197277	57.959977	37.038737
2396569114	-19.813794	-43.197086	2990155948	-19.813386	-43.195171	205.887775	131.570498
2396569114	-19.813794	-43.197086	2397522247	-19.813943	-43.198296	127.618505	81.553313
2396569118	-19.814071	-43.199147	2396569073	-19.812912	-43.199053	129.534230	82.777538
2396569118	-19.814071	-43.199147	2397522247	-19.813943	-43.198296	90.185593	57.632190
2396569118	-19.814071	-43.199147	5620138574	-19.818181	-43.198577	493.204161	315.177125
2396569118	-19.814071	-43.199147	2996378563	-19.816320	-43.200523	344.366559	220.063963
2396569129	-19.814378	-43.196912	2396569114	-19.813794	-43.197086	67.451537	43.104221
2396569129	-19.814378	-43.196912	2397522247	-19.813943	-43.198296	196.497471	125.569719
2396569129	-19.814378	-43.196912	2990155985	-19.813977	-43.194942	211.016277	134.847815
2396569129	-19.814378	-43.196912	3348307765	-19.815021	-43.197214	99.309338	63.462627
2397520652	-19.811719	-43.197228	2396569038	-19.811929	-43.197863	70.336551	44.947861
2397520652	-19.811719	-43.197228	1393566391	-19.811529	-43.196593	69.778149	44.591020
2397520652	-19.811719	-43.197228	2397520677	-19.812387	-43.197000	77.950567	49.813521
2397520677	-19.812387	-43.197000	2397520652	-19.811719	-43.197228	77.950567	49.813521
2397520677	-19.812387	-43.197000	2396569061	-19.812453	-43.196269	77.092218	49.265002
2397520677	-19.812387	-43.197000	2396569072	-19.812831	-43.197543	77.322031	49.411861
2397522246	-19.813709	-43.193652	1393567470	-19.815561	-43.194514	224.845698	143.685367
2397522246	-19.813709	-43.193652	1393566395	-19.813740	-43.193051	62.950319	40.227764
2397522246	-19.813709	-43.193652	3348307762	-19.813809	-43.194564	98.556940	62.981815
2397522247	-19.813943	-43.198296	2396569129	-19.814378	-43.196912	196.497471	125.569719
2397522247	-19.813943	-43.198296	2396569114	-19.813794	-43.197086	127.618505	81.553313
2397522247	-19.813943	-43.198296	2396569118	-19.814071	-43.199147	90.185593	57.632190
2397522259	-19.815514	-43.195252	1393567470	-19.815561	-43.194514	86.345334	55.178111
2397522262	-19.815951	-43.194667	1393567470	-19.815561	-43.194514	46.211398	29.530926
2990155840	-19.812085	-43.195197	2396569053	-19.812325	-43.195696	58.705355	37.515063
2990155948	-19.813386	-43.195171	2990155985	-19.813977	-43.194942	69.953805	44.703270
2990155948	-19.813386	-43.195171	2396569114	-19.813794	-43.197086	205.887775	131.570498
2990155985	-19.813977	-43.194942	2990155948	-19.813386	-43.195171	69.953805	44.703270
2990155985	-19.813977	-43.194942	3348307762	-19.813809	-43.194564	43.762257	27.965827
2990155985	-19.813977	-43.194942	3348307753	-19.814572	-43.194744	69.261946	44.261145
2990155985	-19.813977	-43.194942	2396569129	-19.814378	-43.196912	211.016277	134.847815
2990156084	-19.815169	-43.196117	2990156087	-19.815268	-43.195448	70.812397	45.251945
2990156087	-19.815268	-43.195448	2990156100	-19.815387	-43.195564	17.921280	11.452413
2990156087	-19.815268	-43.195448	2990156084	-19.815169	-43.196117	70.812397	45.251945
2990156087	-19.815268	-43.195448	3348307753	-19.814572	-43.194744	110.938905	70.894384
2990156100	-19.815387	-43.195564	2990156087	-19.815268	-43.195448	17.921280	11.452413
2996378563	-19.816320	-43.200523	2396569118	-19.814071	-43.199147	344.366559	220.063963
2996378563	-19.816320	-43.200523	2996378572	-19.819128	-43.201467	366.382820	234.133231
2996378563	-19.816320	-43.200523	7979700601	-19.815939	-43.205771	724.196264	462.790290
2996378572	-19.819128	-43.201467	2996378563	-19.816320	-43.200523	366.382820	234.133231
2996378572	-19.819128	-43.201467	2996378589	-19.819748	-43.202425	135.191386	86.392687
2996378572	-19.819128	-43.201467	2996378596	-19.820005	-43.200685	143.567983	91.745666
2996378575	-19.819181	-43.204054	2996378590	-19.819797	-43.204154	69.409784	44.355620
2996378582	-19.819613	-43.202821	2996378589	-19.819748	-43.202425	44.021573	28.131540
2996378582	-19.819613	-43.202821	3429198439	-19.818980	-43.202629	73.212468	46.785686
2996378582	-19.819613	-43.202821	2996378605	-19.820456	-43.204049	171.766756	109.765806
2996378589	-19.819748	-43.202425	2996378582	-19.819613	-43.202821	44.021573	28.131540
2996378589	-19.819748	-43.202425	2996378572	-19.819128	-43.201467	135.191386	86.392687
2996378589	-19.819748	-43.202425	3348307786	-19.820638	-43.203346	138.202435	88.316867
2996378590	-19.819797	-43.204154	2996378605	-19.820456	-43.204049	74.082782	47.341852
2996378590	-19.819797	-43.204154	2996378575	-19.819181	-43.204054	69.409784	44.355620
2996378590	-19.819797	-43.204154	2996378611	-19.820684	-43.205072	138.325631	88.395594
2996378596	-19.820005	-43.200685	2996379235	-19.822315	-43.201376	282.625243	180.608800
2996378596	-19.820005	-43.200685	2996378572	-19.819128	-43.201467	143.567983	91.745666
2996378596	-19.820005	-43.200685	3348309047	-19.820932	-43.194578	675.720395	431.812277
2996378605	-19.820456	-43.204049	2996378620	-19.821233	-43.203962	86.822387	55.482967
2996378605	-19.820456	-43.204049	2996378590	-19.819797	-43.204154	74.082782	47.341852
2996378605	-19.820456	-43.204049	2996378625	-19.821676	-43.204439	193.957570	123.946621
2996378605	-19.820456	-43.204049	2996378582	-19.819613	-43.202821	171.766756	109.765806
2996378611	-19.820684	-43.205072	2996378590	-19.819797	-43.204154	138.325631	88.395594
2996378620	-19.821233	-43.203962	3348307786	-19.820638	-43.203346	92.262787	58.959600
2996378620	-19.821233	-43.203962	2996378625	-19.821676	-43.204439	70.138056	44.821015
2996378620	-19.821233	-43.203962	2996378605	-19.820456	-43.204049	86.822387	55.482967
2996378623	-19.821544	-43.202395	3348307785	-19.821976	-43.202872	69.292845	44.280891
2996378623	-19.821544	-43.202395	3348307787	-19.821087	-43.202887	72.274338	46.186184
2996378623	-19.821544	-43.202395	3348307787	-19.821087	-43.202887	273.954538	175.067874
2996378625	-19.821676	-43.204439	2996378620	-19.821233	-43.203962	70.138056	44.821015
2996378625	-19.821676	-43.204439	2996378630	-19.822108	-43.203920	72.558608	46.367843
2996378625	-19.821676	-43.204439	2996378605	-19.820456	-43.204049	193.957570	123.946621
2996378630	-19.822108	-43.203920	3348307784	-19.821552	-43.203365	84.787381	54.182517
2996378630	-19.822108	-43.203920	2996379240	-19.822512	-43.203438	67.462009	43.110914
2996378630	-19.822108	-43.203920	2996378625	-19.821676	-43.204439	72.558608	46.367843
2996379235	-19.822315	-43.201376	2996379240	-19.822512	-43.203438	240.744472	153.845317
2996379235	-19.822315	-43.201376	3348309005	-19.824178	-43.200450	245.553882	156.918722
2996379235	-19.822315	-43.201376	2996378596	-19.820005	-43.200685	282.625243	180.608800
2996379240	-19.822512	-43.203438	2996378630	-19.822108	-43.203920	67.462009	43.110914
2996379240	-19.822512	-43.203438	3348307785	-19.821976	-43.202872	83.986706	53.670854
2996379240	-19.822512	-43.203438	3427417341	-19.825407	-43.205666	423.534095	270.655175
2996379240	-19.822512	-43.203438	2996379235	-19.822315	-43.201376	240.744472	153.845317
2996379290	-19.827729	-43.204313	3348309005	-19.824178	-43.200450	576.364664	368.320002
2998689501	-19.797876	-43.177847	2998689519	-19.799957	-43.176107	312.383409	199.625455
2998689506	-19.799106	-43.178491	2998689523	-19.800083	-43.176131	274.032028	175.117393
2998689513	-19.799870	-43.166060	4972501129	-19.800848	-43.167100	163.861388	104.713961
2998689519	-19.799957	-43.176107	2998689523	-19.800083	-43.176131	14.252020	9.107609
2998689519	-19.799957	-43.176107	2998689501	-19.797876	-43.177847	312.383409	199.625455
2998689519	-19.799957	-43.176107	2998692049	-19.803193	-43.172075	673.706545	430.525346
2998689523	-19.800083	-43.176131	2998689519	-19.799957	-43.176107	14.252020	9.107609
2998689523	-19.800083	-43.176131	2998691950	-19.800784	-43.178401	389.639277	248.995035
2998689523	-19.800083	-43.176131	2998689506	-19.799106	-43.178491	274.032028	175.117393
2998691950	-19.800784	-43.178401	5620132414	-19.802129	-43.176313	272.293899	174.006659
2998691950	-19.800784	-43.178401	2998691984	-19.801704	-43.179677	174.070362	111.237903
2998691950	-19.800784	-43.178401	2998689523	-19.800083	-43.176131	389.639277	248.995035
2998691954	-19.800977	-43.169816	2998691975	-19.801450	-43.170764	112.295956	71.761593
2998691954	-19.800977	-43.169816	2998691964	-19.801219	-43.169278	62.420511	39.889196
2998691954	-19.800977	-43.169816	2998691981	-19.801612	-43.170115	77.249922	49.365780
2998691964	-19.801219	-43.169278	2998691954	-19.800977	-43.169816	62.420511	39.889196
2998691967	-19.801292	-43.168411	2998691982	-19.801700	-43.168639	52.598390	33.612469
2998691972	-19.801347	-43.167853	6379748349	-19.803648	-43.168608	273.096772	174.519727
2998691972	-19.801347	-43.167853	2998691982	-19.801700	-43.168639	91.117032	58.227417
2998691972	-19.801347	-43.167853	4972501129	-19.800848	-43.167100	99.800338	63.776395
2998691975	-19.801450	-43.170764	2998691954	-19.800977	-43.169816	112.295956	71.761593
2998691975	-19.801450	-43.170764	2998692029	-19.802846	-43.171346	166.697881	106.526593
2998691981	-19.801612	-43.170115	2998691954	-19.800977	-43.169816	77.249922	49.365780
2998691981	-19.801612	-43.170115	2998692043	-19.803037	-43.170784	173.238635	110.706395
2998691981	-19.801612	-43.170115	2998691990	-19.801873	-43.169469	73.473628	46.952578
2998691982	-19.801700	-43.168639	2998691967	-19.801292	-43.168411	52.598390	33.612469
2998691982	-19.801700	-43.168639	2998692022	-19.802718	-43.169007	120.882854	77.248964
2998691982	-19.801700	-43.168639	2998691972	-19.801347	-43.167853	91.117032	58.227417
2998691983	-19.801699	-43.179369	2998692001	-19.802311	-43.179313	68.305974	43.650241
2998691983	-19.801699	-43.179369	2998691998	-19.802209	-43.178080	196.505037	125.574554
2998691983	-19.801699	-43.179369	2998691984	-19.801704	-43.179677	32.289838	20.634494
2998691984	-19.801704	-43.179677	2998691983	-19.801699	-43.179369	32.289838	20.634494
2998691984	-19.801704	-43.179677	2998692082	-19.803785	-43.180528	261.191158	166.911565
2998691984	-19.801704	-43.179677	2998691950	-19.800784	-43.178401	174.070362	111.237903
2998691985	-19.801643	-43.167569	2998692034	-19.802758	-43.168020	134.540857	85.976972
2998691990	-19.801873	-43.169469	2998691981	-19.801612	-43.170115	73.473628	46.952578
2998691998	-19.802209	-43.178080	2998692001	-19.802311	-43.179313	129.479595	82.742624
2998691998	-19.802209	-43.178080	2998692026	-19.802847	-43.178032	71.108146	45.440941
2998691998	-19.802209	-43.178080	2998691983	-19.801699	-43.179369	196.505037	125.574554
2998692001	-19.802311	-43.179313	2998691998	-19.802209	-43.178080	129.479595	82.742624
2998692001	-19.802311	-43.179313	2998692036	-19.802944	-43.179264	70.612004	45.123886
2998692001	-19.802311	-43.179313	2998692042	-19.803016	-43.179878	130.575310	83.442830
2998692001	-19.802311	-43.179313	2998691983	-19.801699	-43.179369	68.305974	43.650241
2998692005	-19.802801	-43.173144	2998692033	-19.802885	-43.173530	41.466414	26.498692
2998692006	-19.802414	-43.169887	2998692053	-19.803222	-43.170189	95.273513	60.883574
2998692022	-19.802718	-43.169007	2998691982	-19.801700	-43.168639	120.882854	77.248964
2998692022	-19.802718	-43.169007	6179021690	-19.803176	-43.168852	70.180713	44.848274
2998692022	-19.802718	-43.169007	2998692088	-19.803810	-43.169764	173.380623	110.797132
2998692022	-19.802718	-43.169007	6379748348	-19.803421	-43.169262	82.785391	52.903166
2998692026	-19.802847	-43.178032	2998691998	-19.802209	-43.178080	71.108146	45.440941
2998692026	-19.802847	-43.178032	2998692060	-19.803452	-43.177970	67.548797	43.166375
2998692026	-19.802847	-43.178032	2998692036	-19.802944	-43.179264	129.395121	82.688642
2998692029	-19.802846	-43.171346	2998692043	-19.803037	-43.170784	62.587761	39.996075
2998692029	-19.802846	-43.171346	2998691975	-19.801450	-43.170764	166.697881	106.526593
2998692029	-19.802846	-43.171346	2998692056	-19.803370	-43.171579	63.190185	40.381048
2998692033	-19.802885	-43.173530	1380070411	-19.803037	-43.174298	82.103772	52.467584
2998692033	-19.802885	-43.173530	2998692005	-19.802801	-43.173144	41.466414	26.498692
2998692033	-19.802885	-43.173530	2998692128	-19.804469	-43.172064	233.542989	149.243283
2998692034	-19.802758	-43.168020	2998691985	-19.801643	-43.167569	134.540857	85.976972
2998692034	-19.802758	-43.168020	2998692208	-19.805417	-43.169327	399.241886	255.131485
2998692034	-19.802758	-43.168020	4972501133	-19.802018	-43.167083	128.429128	82.071334
2998692036	-19.802944	-43.179264	2998692001	-19.802311	-43.179313	70.612004	45.123886
2998692036	-19.802944	-43.179264	2998692026	-19.802847	-43.178032	129.395121	82.688642
2998692036	-19.802944	-43.179264	2998692042	-19.803016	-43.179878	64.861502	41.449086
2998692042	-19.803016	-43.179878	2998692036	-19.802944	-43.179264	64.861502	41.449086
2998692042	-19.803016	-43.179878	2998692001	-19.802311	-43.179313	130.575310	83.442830
2998692042	-19.803016	-43.179878	2998692068	-19.803591	-43.179564	74.417880	47.555993
2998692043	-19.803037	-43.170784	2998691981	-19.801612	-43.170115	173.238635	110.706395
2998692043	-19.803037	-43.170784	2998692029	-19.802846	-43.171346	62.587761	39.996075
2998692043	-19.803037	-43.170784	2998692053	-19.803222	-43.170189	65.478920	41.843641
2998692049	-19.803193	-43.172075	2998692056	-19.803370	-43.171579	55.414114	35.411828
2998692049	-19.803193	-43.172075	2998689519	-19.799957	-43.176107	673.706545	430.525346
2998692049	-19.803193	-43.172075	4972501127	-19.804483	-43.171943	148.775593	95.073536
2998692053	-19.803222	-43.170189	2998692043	-19.803037	-43.170784	65.478920	41.843641
2998692053	-19.803222	-43.170189	2998692085	-19.803790	-43.170411	67.296640	43.005236
2998692053	-19.803222	-43.170189	2998692006	-19.802414	-43.169887	95.273513	60.883574
2998692056	-19.803370	-43.171579	2998692049	-19.803193	-43.172075	55.414114	35.411828
2998692056	-19.803370	-43.171579	2998692085	-19.803790	-43.170411	131.115003	83.787715
2998692056	-19.803370	-43.171579	2998692029	-19.802846	-43.171346	63.190185	40.381048
2998692056	-19.803370	-43.171579	2998692134	-19.804521	-43.171621	132.287777	84.537164
2998692060	-19.803452	-43.177970	2998692026	-19.802847	-43.178032	67.548797	43.166375
2998692060	-19.803452	-43.177970	2998692103	-19.804080	-43.177919	70.087900	44.788963
2998692060	-19.803452	-43.177970	2998692068	-19.803591	-43.179564	167.462754	107.015377
2998692060	-19.803452	-43.177970	2998692099	-19.803999	-43.176661	155.147708	99.145572
2998692068	-19.803591	-43.179564	2998692082	-19.803785	-43.180528	103.165495	65.926865
2998692068	-19.803591	-43.179564	2998692060	-19.803452	-43.177970	167.462754	107.015377
2998692068	-19.803591	-43.179564	2998692042	-19.803016	-43.179878	74.417880	47.555993
2998692068	-19.803591	-43.179564	2998692113	-19.804208	-43.179520	68.804887	43.969066
2998692078	-19.803769	-43.169379	6379748348	-19.803421	-43.169262	40.553904	25.915561
2998692078	-19.803769	-43.169379	2998692119	-19.804273	-43.169551	58.891123	37.633776
2998692078	-19.803769	-43.169379	2998692088	-19.803810	-43.169764	40.756966	26.045327
2998692078	-19.803769	-43.169379	2998692096	-19.803945	-43.168700	73.703224	47.099299
2998692082	-19.803785	-43.180528	2998692068	-19.803591	-43.179564	103.165495	65.926865
2998692082	-19.803785	-43.180528	2998692131	-19.804477	-43.180611	77.437601	49.485715
2998692082	-19.803785	-43.180528	2998691984	-19.801704	-43.179677	261.191158	166.911565
2998692085	-19.803790	-43.170411	2998692053	-19.803222	-43.170189	67.296640	43.005236
2998692085	-19.803790	-43.170411	2998692056	-19.803370	-43.171579	131.115003	83.787715
2998692085	-19.803790	-43.170411	2998692088	-19.803810	-43.169764	68.006023	43.458560
2998692085	-19.803790	-43.170411	1390664425	-19.804795	-43.170708	115.998324	74.127554
2998692088	-19.803810	-43.169764	2998692085	-19.803790	-43.170411	68.006023	43.458560
2998692088	-19.803810	-43.169764	2998692078	-19.803769	-43.169379	40.756966	26.045327
2998692088	-19.803810	-43.169764	2998692022	-19.802718	-43.169007	173.380623	110.797132
2998692093	-19.803923	-43.174810	1380070407	-19.805470	-43.175738	197.493789	126.206406
2998692093	-19.803923	-43.174810	1380070411	-19.803037	-43.174298	112.133612	71.657849
2998692093	-19.803923	-43.174810	2998692101	-19.804037	-43.174234	61.543922	39.329020
2998692096	-19.803945	-43.168700	2998692135	-19.804544	-43.168971	76.134956	48.653272
2998692096	-19.803945	-43.168700	6379748349	-19.803648	-43.168608	34.551966	22.080084
2998692096	-19.803945	-43.168700	2998692078	-19.803769	-43.169379	73.703224	47.099299
2998692099	-19.803999	-43.176661	2998692103	-19.804080	-43.177919	131.930064	84.308572
2998692099	-19.803999	-43.176661	2998692060	-19.803452	-43.177970	155.147708	99.145572
2998692099	-19.803999	-43.176661	2998692140	-19.804575	-43.176394	69.867008	44.647804
2998692101	-19.804037	-43.174234	2998692109	-19.804257	-43.173191	111.831082	71.464521
2998692101	-19.804037	-43.174234	2998692093	-19.803923	-43.174810	61.543922	39.329020
2998692101	-19.804037	-43.174234	2998692141	-19.804632	-43.174582	75.487843	48.239742
2998692102	-19.803994	-43.171325	1390664425	-19.804795	-43.170708	127.995901	81.794484
2998692103	-19.804080	-43.177919	2998692099	-19.803999	-43.176661	131.930064	84.308572
2998692103	-19.804080	-43.177919	2998692060	-19.803452	-43.177970	70.087900	44.788963
2998692103	-19.804080	-43.177919	2998692149	-19.804719	-43.177875	71.222783	45.514198
2998692103	-19.804080	-43.177919	2998692113	-19.804208	-43.179520	168.053641	107.392978
2998692109	-19.804257	-43.173191	2998692128	-19.804469	-43.172064	120.238471	76.837177
2998692109	-19.804257	-43.173191	2998692101	-19.804037	-43.174234	111.831082	71.464521
2998692109	-19.804257	-43.173191	1380070411	-19.803037	-43.174298	178.437917	114.028944
2998692113	-19.804208	-43.179520	2998692155	-19.804851	-43.179467	71.625239	45.771384
2998692113	-19.804208	-43.179520	2998692103	-19.804080	-43.177919	168.053641	107.392978
2998692113	-19.804208	-43.179520	2998692131	-19.804477	-43.180611	118.042119	75.433621
2998692113	-19.804208	-43.179520	2998692068	-19.803591	-43.179564	68.804887	43.969066
2998692119	-19.804273	-43.169551	2998692135	-19.804544	-43.168971	67.843931	43.354977
2998692119	-19.804273	-43.169551	2998692078	-19.803769	-43.169379	58.891123	37.633776
2998692119	-19.804273	-43.169551	2998692148	-19.804636	-43.169817	60.926178	38.934257
2998692128	-19.804469	-43.172064	4972501127	-19.804483	-43.171943	12.746536	8.145545
2998692128	-19.804469	-43.172064	2998692109	-19.804257	-43.173191	120.238471	76.837177
2998692128	-19.804469	-43.172064	2998692033	-19.802885	-43.173530	233.542989	149.243283
2998692128	-19.804469	-43.172064	2998692167	-19.805003	-43.172107	59.561262	38.062021
2998692131	-19.804477	-43.180611	2998692186	-19.805180	-43.180674	78.513993	50.173572
2998692131	-19.804477	-43.180611	2998692082	-19.803785	-43.180528	77.437601	49.485715
2998692131	-19.804477	-43.180611	2998692113	-19.804208	-43.179520	118.042119	75.433621
2998692134	-19.804521	-43.171621	4972501127	-19.804483	-43.171943	33.897790	21.662039
2998692134	-19.804521	-43.171621	2998692056	-19.803370	-43.171579	132.287777	84.537164
2998692134	-19.804521	-43.171621	2998692197	-19.805408	-43.171268	106.302613	67.931608
2998692135	-19.804544	-43.168971	2998692119	-19.804273	-43.169551	67.843931	43.354977
2998692135	-19.804544	-43.168971	6179021687	-19.804990	-43.169145	53.003294	33.871218
2998692135	-19.804544	-43.168971	2998692096	-19.803945	-43.168700	76.134956	48.653272
2998692140	-19.804575	-43.176394	2998692142	-19.804615	-43.176671	29.309959	18.730233
2998692140	-19.804575	-43.176394	2998692099	-19.803999	-43.176661	69.867008	44.647804
2998692140	-19.804575	-43.176394	2998692213	-19.805461	-43.175782	118.555107	75.761441
2998692141	-19.804632	-43.174582	2998692167	-19.805003	-43.172107	262.231865	167.576618
2998692141	-19.804632	-43.174582	2998692101	-19.804037	-43.174234	75.487843	48.239742
2998692141	-19.804632	-43.174582	2998692175	-19.805101	-43.174852	59.292499	37.890271
2998692142	-19.804615	-43.176671	2998692140	-19.804575	-43.176394	29.309959	18.730233
2998692142	-19.804615	-43.176671	2998692145	-19.804667	-43.177205	56.095187	35.847062
2998692142	-19.804615	-43.176671	3427732764	-19.805315	-43.176559	79.572851	50.850225
2998692145	-19.804667	-43.177205	2998692142	-19.804615	-43.176671	56.095187	35.847062
2998692145	-19.804667	-43.177205	2998692149	-19.804719	-43.177875	70.436562	45.011772
2998692145	-19.804667	-43.177205	3427732763	-19.805652	-43.176999	114.525816	73.186563
2998692148	-19.804636	-43.169817	6179021687	-19.804990	-43.169145	80.552860	51.476489
2998692148	-19.804636	-43.169817	2998692208	-19.805417	-43.169327	212.543120	135.823528
2998692148	-19.804636	-43.169817	2998692119	-19.804273	-43.169551	60.926178	38.934257
2998692149	-19.804719	-43.177875	2998692145	-19.804667	-43.177205	70.436562	45.011772
2998692149	-19.804719	-43.177875	2998692103	-19.804080	-43.177919	71.222783	45.514198
2998692149	-19.804719	-43.177875	2998692179	-19.805149	-43.177835	47.969876	30.654663
2998692149	-19.804719	-43.177875	2998692155	-19.804851	-43.179467	167.114050	106.792542
2998692155	-19.804851	-43.179467	2998692113	-19.804208	-43.179520	71.625239	45.771384
2998692155	-19.804851	-43.179467	2998692212	-19.805502	-43.179485	72.501415	46.331295
2998692155	-19.804851	-43.179467	2998692149	-19.804719	-43.177875	167.114050	106.792542
2998692155	-19.804851	-43.179467	2998692186	-19.805180	-43.180674	131.576446	84.082595
2998692167	-19.805003	-43.172107	2998692216	-19.805523	-43.172156	58.032602	37.085147
2998692167	-19.805003	-43.172107	2998692141	-19.804632	-43.174582	262.231865	167.576618
2998692167	-19.805003	-43.172107	2998692128	-19.804469	-43.172064	59.561262	38.062021
2998692175	-19.805101	-43.174852	2998692228	-19.805677	-43.175212	74.347998	47.511335
2998692175	-19.805101	-43.174852	2998692216	-19.805523	-43.172156	285.894208	182.697799
2998692175	-19.805101	-43.174852	2998692141	-19.804632	-43.174582	59.292499	37.890271
2998692179	-19.805149	-43.177835	2998692149	-19.804719	-43.177875	47.969876	30.654663
2998692179	-19.805149	-43.177835	7803001589	-19.805634	-43.177786	54.171717	34.617887
2998692179	-19.805149	-43.177835	2998692224	-19.805604	-43.179487	182.806820	116.820847
2998692184	-19.805214	-43.167003	2998692253	-19.806071	-43.168067	153.749876	98.252301
2998692184	-19.805214	-43.167003	2998692277	-19.806466	-43.167485	148.242658	94.732970
2998692184	-19.805214	-43.167003	7803023839	-19.805239	-43.165445	182.767233	116.795549
2998692186	-19.805180	-43.180674	2998692193	-19.805280	-43.181042	40.045941	25.590953
2998692186	-19.805180	-43.180674	2998692155	-19.804851	-43.179467	131.576446	84.082595
2998692186	-19.805180	-43.180674	2998692131	-19.804477	-43.180611	78.513993	50.173572
2998692193	-19.805280	-43.181042	2998692186	-19.805180	-43.180674	40.045941	25.590953
2998692197	-19.805408	-43.171268	2998692134	-19.804521	-43.171621	106.302613	67.931608
2998692197	-19.805408	-43.171268	8170103007	-19.807008	-43.171672	183.785731	117.446411
2998692197	-19.805408	-43.171268	1390664425	-19.804795	-43.170708	89.917421	57.460818
2998692208	-19.805417	-43.169327	6179021687	-19.804990	-43.169145	51.074433	32.638599
2998692208	-19.805417	-43.169327	2998692034	-19.802758	-43.168020	399.241886	255.131485
2998692208	-19.805417	-43.169327	2998692148	-19.804636	-43.169817	212.543120	135.823528
2998692211	-19.805483	-43.166066	4972501153	-19.806000	-43.165855	78.143657	49.936913
2998692212	-19.805502	-43.179485	2998692246	-19.805933	-43.181088	174.441696	111.475200
2998692212	-19.805502	-43.179485	2998692155	-19.804851	-43.179467	72.501415	46.331295
2998692212	-19.805502	-43.179485	2998692224	-19.805604	-43.179487	11.312067	7.228862
2998692213	-19.805461	-43.175782	1380070407	-19.805470	-43.175738	4.644654	2.968119
2998692213	-19.805461	-43.175782	2998692140	-19.804575	-43.176394	118.555107	75.761441
2998692213	-19.805461	-43.175782	3427732764	-19.805315	-43.176559	83.287589	53.224090
2998692216	-19.805523	-43.172156	2998692167	-19.805003	-43.172107	58.032602	37.085147
2998692216	-19.805523	-43.172156	2998692338	-19.807090	-43.172744	185.012034	118.230067
2998692216	-19.805523	-43.172156	2998692175	-19.805101	-43.174852	285.894208	182.697799
2998692224	-19.805604	-43.179487	2998692212	-19.805502	-43.179485	11.312067	7.228862
2998692224	-19.805604	-43.179487	2998692257	-19.806144	-43.179462	60.112934	38.414562
2998692224	-19.805604	-43.179487	2998692179	-19.805149	-43.177835	182.806820	116.820847
2998692228	-19.805677	-43.175212	2998692175	-19.805101	-43.174852	74.347998	47.511335
2998692228	-19.805677	-43.175212	2998692248	-19.805904	-43.173723	157.780198	100.827838
2998692228	-19.805677	-43.175212	1380070407	-19.805470	-43.175738	59.752787	38.184413
2998692232	-19.805751	-43.168860	2998692249	-19.805965	-43.168451	49.056346	31.348961
2998692244	-19.805883	-43.178603	2998692273	-19.806424	-43.179403	103.167388	65.928075
2998692246	-19.805933	-43.181088	2998692212	-19.805502	-43.179485	174.441696	111.475200
2998692248	-19.805904	-43.173723	2998692228	-19.805677	-43.175212	157.780198	100.827838
2998692249	-19.805965	-43.168451	2998692253	-19.806071	-43.168067	41.829615	26.730792
2998692249	-19.805965	-43.168451	2998692232	-19.805751	-43.168860	49.056346	31.348961
2998692249	-19.805965	-43.168451	2998692283	-19.806527	-43.168654	66.115874	42.250680
2998692252	-19.806081	-43.181454	7981070443	-19.807209	-43.182392	182.248927	116.464331
2998692253	-19.806071	-43.168067	2998692184	-19.805214	-43.167003	153.749876	98.252301
2998692253	-19.806071	-43.168067	2998692280	-19.806506	-43.168217	50.899941	32.527092
2998692253	-19.806071	-43.168067	2998692249	-19.805965	-43.168451	41.829615	26.730792
2998692257	-19.806144	-43.179462	2998692296	-19.806600	-43.181094	178.065680	113.791070
2998692257	-19.806144	-43.179462	2998692224	-19.805604	-43.179487	60.112934	38.414562
2998692257	-19.806144	-43.179462	2998692273	-19.806424	-43.179403	31.970590	20.430482
2998692267	-19.806319	-43.166545	2998692278	-19.806450	-43.166009	57.895368	36.997449
2998692267	-19.806319	-43.166545	2998692277	-19.806466	-43.167485	102.802327	65.694786
2998692267	-19.806319	-43.166545	3266240505	-19.805722	-43.166312	70.699351	45.179704
2998692267	-19.806319	-43.166545	2998692343	-19.807194	-43.165859	146.137392	93.387620
2998692273	-19.806424	-43.179403	2998692244	-19.805883	-43.178603	103.167388	65.928075
2998692273	-19.806424	-43.179403	2998692257	-19.806144	-43.179462	31.970590	20.430482
2998692273	-19.806424	-43.179403	2998692301	-19.806724	-43.179219	38.577461	24.652536
2998692277	-19.806466	-43.167485	2998692267	-19.806319	-43.166545	102.802327	65.694786
2998692277	-19.806466	-43.167485	2998692184	-19.805214	-43.167003	148.242658	94.732970
2998692277	-19.806466	-43.167485	2998692280	-19.806506	-43.168217	76.731967	49.034786
2998692278	-19.806450	-43.166009	2998692267	-19.806319	-43.166545	57.895368	36.997449
2998692278	-19.806450	-43.166009	4972501153	-19.806000	-43.165855	52.588709	33.606282
2998692278	-19.806450	-43.166009	2998692293	-19.806595	-43.165539	51.759401	33.076321
2998692280	-19.806506	-43.168217	2998692253	-19.806071	-43.168067	50.899941	32.527092
2998692280	-19.806506	-43.168217	2998692283	-19.806527	-43.168654	45.783044	29.257191
2998692280	-19.806506	-43.168217	2998692277	-19.806466	-43.167485	76.731967	49.034786
2998692283	-19.806527	-43.168654	2998692249	-19.805965	-43.168451	66.115874	42.250680
2998692283	-19.806527	-43.168654	2998692350	-19.806829	-43.169082	62.197937	39.746962
2998692283	-19.806527	-43.168654	2998692280	-19.806506	-43.168217	45.783044	29.257191
2998692287	-19.806550	-43.177694	3266002267	-19.806508	-43.177042	68.346845	43.676359
2998692287	-19.806550	-43.177694	7803001589	-19.805634	-43.177786	102.278183	65.359837
2998692291	-19.806594	-43.176210	2998692331	-19.807074	-43.175163	132.787745	84.856664
2998692291	-19.806594	-43.176210	3266002267	-19.806508	-43.177042	87.627418	55.997415
2998692293	-19.806595	-43.165539	2998692278	-19.806450	-43.166009	51.759401	33.076321
2998692293	-19.806595	-43.165539	4972501153	-19.806000	-43.165855	288.856959	184.591115
2998692293	-19.806595	-43.165539	2998692343	-19.807194	-43.165859	74.540666	47.634458
2998692296	-19.806600	-43.181094	2998692257	-19.806144	-43.179462	178.065680	113.791070
2998692301	-19.806724	-43.179219	2998692326	-19.806989	-43.180163	103.034663	65.843258
2998692301	-19.806724	-43.179219	3348232508	-19.807027	-43.178983	41.761031	26.686964
2998692301	-19.806724	-43.179219	2998692273	-19.806424	-43.179403	38.577461	24.652536
2998692319	-19.806918	-43.182947	7880408663	-19.807022	-43.182886	13.232118	8.455851
2998692319	-19.806918	-43.182947	3266029696	-19.806339	-43.183471	84.587586	54.054840
2998692325	-19.807045	-43.171696	8170103007	-19.807008	-43.171672	4.795413	3.064460
2998692325	-19.807045	-43.171696	2998692379	-19.807480	-43.172107	64.740197	41.371567
2998692326	-19.806989	-43.180163	2998692344	-19.807227	-43.180896	81.139287	51.851240
2998692326	-19.806989	-43.180163	2998692301	-19.806724	-43.179219	103.034663	65.843258
2998692330	-19.807138	-43.165116	2998692384	-19.807510	-43.165273	44.530726	28.456910
2998692331	-19.807074	-43.175163	2998692338	-19.807090	-43.172744	269.331500	172.113568
2998692331	-19.807074	-43.175163	2998692291	-19.806594	-43.176210	132.787745	84.856664
2998692334	-19.807104	-43.170851	2998692405	-19.807702	-43.170574	72.570166	46.375230
2998692334	-19.807104	-43.170851	8170103007	-19.807008	-43.171672	91.352920	58.378159
2998692334	-19.807104	-43.170851	2998692360	-19.807358	-43.169694	161.520438	103.218000
2998692334	-19.807104	-43.170851	2998692368	-19.807395	-43.171639	88.496784	56.552973
2998692338	-19.807090	-43.172744	2998692216	-19.805523	-43.172156	185.012034	118.230067
2998692338	-19.807090	-43.172744	2998692331	-19.807074	-43.175163	269.331500	172.113568
2998692338	-19.807090	-43.172744	3427732763	-19.805652	-43.176999	480.374037	306.978164
2998692343	-19.807194	-43.165859	2998692384	-19.807510	-43.165273	70.710903	45.187086
2998692343	-19.807194	-43.165859	2998692267	-19.806319	-43.166545	146.137392	93.387620
2998692343	-19.807194	-43.165859	2998692293	-19.806595	-43.165539	74.540666	47.634458
2998692343	-19.807194	-43.165859	2998692419	-19.807881	-43.166194	84.193695	53.803128
2998692344	-19.807227	-43.180896	2998692372	-19.807415	-43.181384	55.227658	35.292676
2998692344	-19.807227	-43.180896	2998692326	-19.806989	-43.180163	81.139287	51.851240
2998692344	-19.807227	-43.180896	2998692403	-19.807588	-43.180701	45.014986	28.766371
2998692350	-19.806829	-43.169082	2998692360	-19.807358	-43.169694	193.809459	123.851972
2998692350	-19.806829	-43.169082	2998692283	-19.806527	-43.168654	62.197937	39.746962
2998692350	-19.806829	-43.169082	7803023862	-19.806000	-43.169280	121.068914	77.367863
2998692352	-19.807246	-43.182399	7809094227	-19.807248	-43.182307	9.690045	6.192325
2998692352	-19.807246	-43.182399	7981070443	-19.807209	-43.182392	4.153357	2.654161
2998692360	-19.807358	-43.169694	2998692405	-19.807702	-43.170574	99.694721	63.708902
2998692360	-19.807358	-43.169694	2998692426	-19.807837	-43.169493	57.336550	36.640342
2998692360	-19.807358	-43.169694	2998692334	-19.807104	-43.170851	161.520438	103.218000
2998692360	-19.807358	-43.169694	2998692350	-19.806829	-43.169082	193.809459	123.851972
2998692368	-19.807395	-43.171639	2998692325	-19.807045	-43.171696	39.380428	25.165664
2998692368	-19.807395	-43.171639	2998692379	-19.807480	-43.172107	49.864059	31.865122
2998692372	-19.807415	-43.181384	2998692385	-19.807497	-43.181587	23.062125	14.737618
2998692372	-19.807415	-43.181384	2998692344	-19.807227	-43.180896	55.227658	35.292676
2998692372	-19.807415	-43.181384	2998692391	-19.807542	-43.181382	14.712654	9.401972
2998692379	-19.807480	-43.172107	2998692443	-19.808132	-43.172697	95.679435	61.142974
2998692384	-19.807510	-43.165273	2998692343	-19.807194	-43.165859	70.710903	45.187086
2998692384	-19.807510	-43.165273	2998692330	-19.807138	-43.165116	44.530726	28.456910
2998692384	-19.807510	-43.165273	2998692461	-19.808370	-43.165941	122.259471	78.128677
2998692385	-19.807497	-43.181587	2998692372	-19.807415	-43.181384	23.062125	14.737618
2998692385	-19.807497	-43.181587	7809094227	-19.807248	-43.182307	80.283640	51.304447
2998692385	-19.807497	-43.181587	2998692391	-19.807542	-43.181382	22.041995	14.085714
2998692391	-19.807542	-43.181382	2998692385	-19.807497	-43.181587	22.041995	14.085714
2998692391	-19.807542	-43.181382	2998692403	-19.807588	-43.180701	72.058958	46.048548
2998692398	-19.807666	-43.178440	2998692378	-19.807480	-43.177605	89.847277	57.415993
2998692403	-19.807588	-43.180701	2998692344	-19.807227	-43.180896	45.014986	28.766371
2998692403	-19.807588	-43.180701	2998692391	-19.807542	-43.181382	72.058958	46.048548
2998692405	-19.807702	-43.170574	2998692334	-19.807104	-43.170851	72.570166	46.375230
2998692405	-19.807702	-43.170574	2998692360	-19.807358	-43.169694	99.694721	63.708902
2998692419	-19.807881	-43.166194	2998692343	-19.807194	-43.165859	84.193695	53.803128
2998692426	-19.807837	-43.169493	2998692360	-19.807358	-43.169694	57.336550	36.640342
2998692436	-19.808031	-43.171512	2998692405	-19.807702	-43.170574	104.729192	66.926130
2998692436	-19.808031	-43.171512	2998692368	-19.807395	-43.171639	72.037151	46.034612
2998692461	-19.808370	-43.165941	2998692384	-19.807510	-43.165273	122.259471	78.128677
2998692467	-19.808449	-43.162436	2998692508	-19.809190	-43.162188	86.376289	55.197893
2998692468	-19.808506	-43.171447	2998692472	-19.808585	-43.172541	114.823469	73.376775
2998692468	-19.808506	-43.171447	2998692436	-19.808031	-43.171512	53.274202	34.044339
2998692508	-19.809190	-43.162188	2998692467	-19.808449	-43.162436	86.376289	55.197893
2998692508	-19.809190	-43.162188	7935808393	-19.807324	-43.159981	313.625666	200.419306
2998692508	-19.809190	-43.162188	8169452892	-19.809596	-43.162687	68.972121	44.075936
2998692523	-19.809616	-43.162714	8169452892	-19.809596	-43.162687	3.611336	2.307788
2998692523	-19.809616	-43.162714	8169452892	-19.809596	-43.162687	502.351197	321.022446
2998692523	-19.809616	-43.162714	2998692553	-19.810716	-43.164009	227.305075	145.257007
2998692546	-19.810460	-43.165116	2998692553	-19.810716	-43.164009	119.285312	76.228071
2998692553	-19.810716	-43.164009	2998692523	-19.809616	-43.162714	227.305075	145.257007
2998692553	-19.810716	-43.164009	2998692546	-19.810460	-43.165116	119.285312	76.228071
3262092568	-19.809846	-43.217225	3262092585	-19.810459	-43.214991	318.580429	203.585598
3262092568	-19.809846	-43.217225	6179019440	-19.810679	-43.216467	125.977051	80.504359
3262092585	-19.810459	-43.214991	3262092568	-19.809846	-43.217225	318.580429	203.585598
3262092585	-19.810459	-43.214991	3262092592	-19.810931	-43.213206	203.751897	130.205587
3262092585	-19.810459	-43.214991	7643065703	-19.811302	-43.213454	235.947875	150.780100
3262092592	-19.810931	-43.213206	7643065703	-19.811302	-43.213454	49.168119	31.420388
3262092592	-19.810931	-43.213206	3262092585	-19.810459	-43.214991	203.751897	130.205587
3262092592	-19.810931	-43.213206	3262092596	-19.810743	-43.212627	65.536676	41.880549
3262092596	-19.810743	-43.212627	3427415360	-19.811944	-43.212457	135.402306	86.527473
3262092596	-19.810743	-43.212627	3262092592	-19.810931	-43.213206	65.536676	41.880549
3262092596	-19.810743	-43.212627	3262092598	-19.810588	-43.212353	33.393750	21.339938
3262092598	-19.810588	-43.212353	3427397869	-19.806639	-43.216196	693.325446	443.062606
3262092598	-19.810588	-43.212353	3262092596	-19.810743	-43.212627	33.393750	21.339938
3262092598	-19.810588	-43.212353	3262092619	-19.810016	-43.208742	478.079018	305.511556
3262092619	-19.810016	-43.208742	3427397838	-19.809771	-43.208464	41.232638	26.349300
3262092619	-19.810016	-43.208742	3262092598	-19.810588	-43.212353	478.079018	305.511556
3262092619	-19.810016	-43.208742	3262092627	-19.809866	-43.207045	192.990886	123.328871
3262092627	-19.809866	-43.207045	3427397838	-19.809771	-43.208464	173.139425	110.642996
3262092627	-19.809866	-43.207045	3262092619	-19.810016	-43.208742	192.990886	123.328871
3262092627	-19.809866	-43.207045	3262092634	-19.810763	-43.204477	290.522301	185.655335
3262092634	-19.810763	-43.204477	7809539787	-19.802708	-43.203995	1288.514595	823.412205
3262092634	-19.810763	-43.204477	3262092627	-19.809866	-43.207045	290.522301	185.655335
3262092634	-19.810763	-43.204477	2396569073	-19.812912	-43.199053	741.788829	474.032640
3266002267	-19.806508	-43.177042	2998692287	-19.806550	-43.177694	68.346845	43.676359
3266002267	-19.806508	-43.177042	2998692291	-19.806594	-43.176210	87.627418	55.997415
3266029692	-19.806029	-43.185458	3266029693	-19.807374	-43.184377	187.438615	119.780749
3266029692	-19.806029	-43.185458	9405802126	-19.806360	-43.186133	81.697886	52.208207
3266029692	-19.806029	-43.185458	3266029698	-19.805780	-43.184859	68.487271	43.766097
3266029693	-19.807374	-43.184377	3266029692	-19.806029	-43.185458	187.438615	119.780749
3266029693	-19.807374	-43.184377	3266029695	-19.806743	-43.184016	84.883012	54.243629
3266029695	-19.806743	-43.184016	3266029696	-19.806339	-43.183471	72.588627	46.387027
3266029695	-19.806743	-43.184016	3266029698	-19.805780	-43.184859	138.739541	88.660099
3266029695	-19.806743	-43.184016	3266029693	-19.807374	-43.184377	84.883012	54.243629
3266029696	-19.806339	-43.183471	3266029695	-19.806743	-43.184016	72.588627	46.387027
3266029696	-19.806339	-43.183471	3266029697	-19.805508	-43.184138	115.915779	74.074805
3266029696	-19.806339	-43.183471	2998692319	-19.806918	-43.182947	84.587586	54.054840
3266029697	-19.805508	-43.184138	3266029698	-19.805780	-43.184859	81.336353	51.977173
3266029697	-19.805508	-43.184138	3641488506	-19.801662	-43.190508	941.235520	601.487029
3266029697	-19.805508	-43.184138	3266029696	-19.806339	-43.183471	115.915779	74.074805
3266029698	-19.805780	-43.184859	3266029695	-19.806743	-43.184016	138.739541	88.660099
3266029698	-19.805780	-43.184859	3266029697	-19.805508	-43.184138	81.336353	51.977173
3266029698	-19.805780	-43.184859	3266029692	-19.806029	-43.185458	68.487271	43.766097
3266240505	-19.805722	-43.166312	2998692267	-19.806319	-43.166545	70.699351	45.179704
3348232501	-19.807354	-43.179763	3348232508	-19.807027	-43.178983	90.413594	57.777892
3348232508	-19.807027	-43.178983	2998692301	-19.806724	-43.179219	41.761031	26.686964
3348232508	-19.807027	-43.178983	3348232501	-19.807354	-43.179763	90.413594	57.777892
3348307753	-19.814572	-43.194744	2990156087	-19.815268	-43.195448	110.938905	70.894384
3348307753	-19.814572	-43.194744	2990155985	-19.813977	-43.194942	69.261946	44.261145
3348307753	-19.814572	-43.194744	3348307762	-19.813809	-43.194564	112.223726	71.715435
3348307762	-19.813809	-43.194564	2990155985	-19.813977	-43.194942	43.762257	27.965827
3348307762	-19.813809	-43.194564	3348307753	-19.814572	-43.194744	112.223726	71.715435
3348307762	-19.813809	-43.194564	2397522246	-19.813709	-43.193652	98.556940	62.981815
3348307765	-19.815021	-43.197214	2396569129	-19.814378	-43.196912	99.309338	63.462627
3348307767	-19.811207	-43.196714	1393566391	-19.811529	-43.196593	38.044281	24.311813
3348307784	-19.821552	-43.203365	3348307787	-19.821087	-43.202887	72.036082	46.033929
3348307784	-19.821552	-43.203365	2996378630	-19.822108	-43.203920	84.787381	54.182517
3348307784	-19.821552	-43.203365	3348307785	-19.821976	-43.202872	69.821271	44.618576
3348307785	-19.821976	-43.202872	2996378623	-19.821544	-43.202395	69.292845	44.280891
3348307785	-19.821976	-43.202872	3348307784	-19.821552	-43.203365	69.821271	44.618576
3348307785	-19.821976	-43.202872	2996379240	-19.822512	-43.203438	83.986706	53.670854
3348307786	-19.820638	-43.203346	2996378620	-19.821233	-43.203962	92.262787	58.959600
3348307786	-19.820638	-43.203346	3348307787	-19.821087	-43.202887	69.255010	44.256713
3348307786	-19.820638	-43.203346	2996378589	-19.819748	-43.202425	138.202435	88.316867
3348307787	-19.821087	-43.202887	3348307784	-19.821552	-43.203365	72.036082	46.033929
3348307787	-19.821087	-43.202887	3348307786	-19.820638	-43.203346	69.255010	44.256713
3348307787	-19.821087	-43.202887	2996378623	-19.821544	-43.202395	72.274338	46.186184
3348307787	-19.821087	-43.202887	2996378623	-19.821544	-43.202395	273.954538	175.067874
3348309005	-19.824178	-43.200450	3348309024	-19.824197	-43.198106	261.025458	166.805676
3348309005	-19.824178	-43.200450	2996379290	-19.827729	-43.204313	576.364664	368.320002
3348309005	-19.824178	-43.200450	2996379235	-19.822315	-43.201376	245.553882	156.918722
3348309024	-19.824197	-43.198106	3348309032	-19.825378	-43.197399	156.198430	99.817025
3348309024	-19.824197	-43.198106	3348309005	-19.824178	-43.200450	261.025458	166.805676
3348309024	-19.824197	-43.198106	3354351886	-19.826298	-43.194149	1198.500262	765.889457
3348309032	-19.825378	-43.197399	3348309024	-19.824197	-43.198106	156.198430	99.817025
3348309047	-19.820932	-43.194578	3348309053	-19.821976	-43.194699	117.346442	74.989056
3348309047	-19.820932	-43.194578	3354332217	-19.821139	-43.192382	235.869423	150.729966
3348309047	-19.820932	-43.194578	2996378596	-19.820005	-43.200685	675.720395	431.812277
3348309053	-19.821976	-43.194699	3348309047	-19.820932	-43.194578	117.346442	74.989056
3348309053	-19.821976	-43.194699	3354332284	-19.822395	-43.195020	58.574441	37.431404
3348309053	-19.821976	-43.194699	3354332283	-19.822580	-43.192328	257.985351	164.862926
3354331370	-19.827603	-43.191473	3354383677	-19.826133	-43.191333	164.281299	104.982301
3354331370	-19.827603	-43.191473	7980295113	-19.830297	-43.194557	443.556133	283.450056
3354332016	-19.817400	-43.191820	3354332022	-19.817890	-43.192558	148.250428	94.737935
3354332022	-19.817890	-43.192558	3354332199	-19.819269	-43.192544	153.385199	98.019258
3354332022	-19.817890	-43.192558	3354332016	-19.817400	-43.191820	148.250428	94.737935
3354332071	-19.818109	-43.193215	3354332072	-19.819116	-43.193279	112.220951	71.713663
3354332071	-19.818109	-43.193215	11459656322	-19.817963	-43.193203	16.214026	10.361409
3354332071	-19.818109	-43.193215	3354332074	-19.818005	-43.193886	71.162917	45.475942
3354332072	-19.819116	-43.193279	3354332071	-19.818109	-43.193215	112.220951	71.713663
3354332072	-19.819116	-43.193279	3354332199	-19.819269	-43.192544	79.146905	50.578028
3354332072	-19.819116	-43.193279	3354332075	-19.818894	-43.193925	72.002672	46.012578
3354332074	-19.818005	-43.193886	3354332075	-19.818894	-43.193925	98.872094	63.183210
3354332074	-19.818005	-43.193886	3354332071	-19.818109	-43.193215	71.162917	45.475942
3354332074	-19.818005	-43.193886	3354332076	-19.817906	-43.194556	70.928662	45.326243
3354332075	-19.818894	-43.193925	3354332074	-19.818005	-43.193886	98.872094	63.183210
3354332075	-19.818894	-43.193925	3354332072	-19.819116	-43.193279	72.002672	46.012578
3354332075	-19.818894	-43.193925	3354332080	-19.818881	-43.194614	72.095328	46.071789
3354332076	-19.817906	-43.194556	3354332080	-19.818881	-43.194614	108.550959	69.368391
3354332076	-19.817906	-43.194556	3354332074	-19.818005	-43.193886	70.928662	45.326243
3354332076	-19.817906	-43.194556	3354332081	-19.817843	-43.195222	70.083722	44.786293
3354332080	-19.818881	-43.194614	3354332076	-19.817906	-43.194556	108.550959	69.368391
3354332080	-19.818881	-43.194614	3354332075	-19.818894	-43.193925	72.095328	46.071789
3354332080	-19.818881	-43.194614	3354332081	-19.817843	-43.195222	183.375708	117.184390
3354332081	-19.817843	-43.195222	3354332076	-19.817906	-43.194556	70.083722	44.786293
3354332081	-19.817843	-43.195222	3354332080	-19.818881	-43.194614	183.375708	117.184390
3354332081	-19.817843	-43.195222	3354332087	-19.817810	-43.195884	69.302454	44.287031
3354332087	-19.817810	-43.195884	3354332081	-19.817843	-43.195222	69.302454	44.287031
3354332087	-19.817810	-43.195884	7976395054	-19.817815	-43.196571	71.866793	45.925746
3354332087	-19.817810	-43.195884	9405802113	-19.818604	-43.195972	89.662061	57.297633
3354332199	-19.819269	-43.192544	3354332217	-19.821139	-43.192382	210.048241	134.229202
3354332199	-19.819269	-43.192544	3354332022	-19.817890	-43.192558	153.385199	98.019258
3354332199	-19.819269	-43.192544	3354332072	-19.819116	-43.193279	79.146905	50.578028
3354332217	-19.821139	-43.192382	3354332283	-19.822580	-43.192328	160.459353	102.539925
3354332217	-19.821139	-43.192382	3354332199	-19.819269	-43.192544	210.048241	134.229202
3354332217	-19.821139	-43.192382	3348309047	-19.820932	-43.194578	235.869423	150.729966
3354332231	-19.822813	-43.195202	3354352111	-19.825698	-43.193837	442.621536	282.852811
3354332231	-19.822813	-43.195202	3354332284	-19.822395	-43.195020	50.517082	32.282430
3354332231	-19.822813	-43.195202	7981117102	-19.822748	-43.196504	151.563951	96.855408
3354332283	-19.822580	-43.192328	3354332284	-19.822395	-43.195020	353.712636	226.036479
3354332283	-19.822580	-43.192328	3354332217	-19.821139	-43.192382	160.459353	102.539925
3354332283	-19.822580	-43.192328	3348309053	-19.821976	-43.194699	257.985351	164.862926
3354332284	-19.822395	-43.195020	3354332231	-19.822813	-43.195202	50.517082	32.282430
3354332284	-19.822395	-43.195020	3348309053	-19.821976	-43.194699	58.574441	37.431404
3354332284	-19.822395	-43.195020	3354332283	-19.822580	-43.192328	353.712636	226.036479
3354351886	-19.826298	-43.194149	3354352134	-19.824536	-43.195818	272.559776	174.176565
3354351886	-19.826298	-43.194149	3354352111	-19.825698	-43.193837	74.348101	47.511401
3354351886	-19.826298	-43.194149	3348309024	-19.824197	-43.198106	1198.500262	765.889457
3354352111	-19.825698	-43.193837	3354332231	-19.822813	-43.195202	442.621536	282.852811
3354352111	-19.825698	-43.193837	3354352134	-19.824536	-43.195818	279.948775	178.898430
3354352111	-19.825698	-43.193837	3354351886	-19.826298	-43.194149	74.348101	47.511401
3354352134	-19.824536	-43.195818	3354351886	-19.826298	-43.194149	272.559776	174.176565
3354352134	-19.824536	-43.195818	4972501122	-19.824198	-43.195903	38.754996	24.765988
3354352134	-19.824536	-43.195818	3354352111	-19.825698	-43.193837	279.948775	178.898430
3354383674	-19.824813	-43.191204	3354383677	-19.826133	-43.191333	147.483361	94.247749
3354383674	-19.824813	-43.191204	3354383677	-19.826133	-43.191333	168.359848	107.588656
3354383677	-19.826133	-43.191333	3354331370	-19.827603	-43.191473	164.281299	104.982301
3354383677	-19.826133	-43.191333	3354383674	-19.824813	-43.191204	147.483361	94.247749
3354383677	-19.826133	-43.191333	3354383674	-19.824813	-43.191204	168.359848	107.588656
3427397838	-19.809771	-43.208464	3262092627	-19.809866	-43.207045	173.139425	110.642996
3427397838	-19.809771	-43.208464	3262092619	-19.810016	-43.208742	41.232638	26.349300
3427397838	-19.809771	-43.208464	3427397852	-19.809168	-43.208113	82.781330	52.900570
3427397852	-19.809168	-43.208113	3427397838	-19.809771	-43.208464	82.781330	52.900570
3427397869	-19.806639	-43.216196	3262092598	-19.810588	-43.212353	693.325446	443.062606
3427415360	-19.811944	-43.212457	3262092596	-19.810743	-43.212627	135.402306	86.527473
3427415360	-19.811944	-43.212457	3427415373	-19.812264	-43.212882	60.730243	38.809047
3427415360	-19.811944	-43.212457	3427415361	-19.811298	-43.211188	158.418328	101.235629
3427415361	-19.811298	-43.211188	3427415360	-19.811944	-43.212457	158.418328	101.235629
3427415373	-19.812264	-43.212882	3427415384	-19.813608	-43.211715	231.693621	148.061463
3427415373	-19.812264	-43.212882	3427415360	-19.811944	-43.212457	60.730243	38.809047
3427415373	-19.812264	-43.212882	7643065703	-19.811302	-43.213454	125.393271	80.131300
3427415384	-19.813608	-43.211715	7554825477	-19.813189	-43.210779	140.908334	90.046044
3427415384	-19.813608	-43.211715	3427415373	-19.812264	-43.212882	231.693621	148.061463
3427417341	-19.825407	-43.205666	2996379240	-19.822512	-43.203438	423.534095	270.655175
3427732763	-19.805652	-43.176999	3427732764	-19.805315	-43.176559	59.323533	37.910103
3427732763	-19.805652	-43.176999	2998692145	-19.804667	-43.177205	114.525816	73.186563
3427732763	-19.805652	-43.176999	2998692338	-19.807090	-43.172744	480.374037	306.978164
3427732764	-19.805315	-43.176559	3427732763	-19.805652	-43.176999	59.323533	37.910103
3427732764	-19.805315	-43.176559	2998692142	-19.804615	-43.176671	79.572851	50.850225
3427732764	-19.805315	-43.176559	2998692213	-19.805461	-43.175782	83.287589	53.224090
3429198439	-19.818980	-43.202629	2996378582	-19.819613	-43.202821	73.212468	46.785686
3429244293	-19.818386	-43.196639	7976395054	-19.817815	-43.196571	64.470124	41.198980
3429244300	-19.816023	-43.194117	1393566395	-19.813740	-43.193051	277.397008	177.267749
3641488087	-19.808836	-43.171490	2998692468	-19.808506	-43.171447	37.061608	23.683845
3641488506	-19.801662	-43.190508	3266029697	-19.805508	-43.184138	941.235520	601.487029
4972501122	-19.824198	-43.195903	4972501125	-19.823662	-43.195307	118.370562	75.643509
4972501122	-19.824198	-43.195903	3354352134	-19.824536	-43.195818	38.754996	24.765988
4972501122	-19.824198	-43.195903	4972501124	-19.824092	-43.194592	138.895689	88.759883
4972501124	-19.824092	-43.194592	4972501122	-19.824198	-43.195903	138.895689	88.759883
4972501125	-19.823662	-43.195307	4972501122	-19.824198	-43.195903	118.370562	75.643509
4972501127	-19.804483	-43.171943	2998692134	-19.804521	-43.171621	33.897790	21.662039
4972501127	-19.804483	-43.171943	2998692128	-19.804469	-43.172064	12.746536	8.145545
4972501127	-19.804483	-43.171943	2998692049	-19.803193	-43.172075	148.775593	95.073536
4972501129	-19.800848	-43.167100	4972501145	-19.801346	-43.166711	69.617796	44.488548
4972501129	-19.800848	-43.167100	2998689513	-19.799870	-43.166060	163.861388	104.713961
4972501129	-19.800848	-43.167100	2998691972	-19.801347	-43.167853	99.800338	63.776395
4972501129	-19.800848	-43.167100	6179019483	-19.800615	-43.166689	55.162882	35.251281
4972501133	-19.802018	-43.167083	4972501152	-19.801917	-43.166502	328.758542	210.089818
4972501133	-19.802018	-43.167083	2998692034	-19.802758	-43.168020	128.429128	82.071334
4972501133	-19.802018	-43.167083	4972501151	-19.801698	-43.166696	53.919538	34.456735
4972501145	-19.801346	-43.166711	4972501151	-19.801698	-43.166696	54.554555	34.862536
4972501145	-19.801346	-43.166711	4972501129	-19.800848	-43.167100	69.617796	44.488548
4972501145	-19.801346	-43.166711	4972501146	-19.801786	-43.167285	77.469811	49.506298
4972501146	-19.801786	-43.167285	4972501145	-19.801346	-43.166711	77.469811	49.506298
4972501149	-19.802137	-43.166783	4972501152	-19.801917	-43.166502	38.252236	24.444704
4972501151	-19.801698	-43.166696	4972501152	-19.801917	-43.166502	31.660031	20.232023
4972501151	-19.801698	-43.166696	4972501133	-19.802018	-43.167083	53.919538	34.456735
4972501151	-19.801698	-43.166696	4972501145	-19.801346	-43.166711	54.554555	34.862536
4972501152	-19.801917	-43.166502	4972501149	-19.802137	-43.166783	38.252236	24.444704
4972501152	-19.801917	-43.166502	4972501151	-19.801698	-43.166696	31.660031	20.232023
4972501152	-19.801917	-43.166502	4972501133	-19.802018	-43.167083	328.758542	210.089818
4972501153	-19.806000	-43.165855	2998692278	-19.806450	-43.166009	52.588709	33.606282
4972501153	-19.806000	-43.165855	2998692211	-19.805483	-43.166066	78.143657	49.936913
4972501153	-19.806000	-43.165855	2998692293	-19.806595	-43.165539	288.856959	184.591115
5620132411	-19.801527	-43.174556	5620132412	-19.801725	-43.175358	86.748741	55.435905
5620132412	-19.801725	-43.175358	5620132411	-19.801527	-43.174556	86.748741	55.435905
5620132412	-19.801725	-43.175358	1380070411	-19.803037	-43.174298	183.762297	117.431435
5620132412	-19.801725	-43.175358	5620132414	-19.802129	-43.176313	109.600239	70.038923
5620132414	-19.802129	-43.176313	5620132416	-19.802717	-43.175980	74.055672	47.324527
5620132414	-19.802129	-43.176313	5620132412	-19.801725	-43.175358	109.600239	70.038923
5620132414	-19.802129	-43.176313	2998691950	-19.800784	-43.178401	272.293899	174.006659
5620132416	-19.802717	-43.175980	5620132414	-19.802129	-43.176313	74.055672	47.324527
5620138574	-19.818181	-43.198577	2396569118	-19.814071	-43.199147	493.204161	315.177125
6179019440	-19.810679	-43.216467	3262092568	-19.809846	-43.217225	125.977051	80.504359
6179019440	-19.810679	-43.216467	7643062182	-19.811075	-43.217059	78.744190	50.320677
6179019483	-19.800615	-43.166689	4972501129	-19.800848	-43.167100	55.162882	35.251281
6179021687	-19.804990	-43.169145	2998692208	-19.805417	-43.169327	51.074433	32.638599
6179021687	-19.804990	-43.169145	2998692148	-19.804636	-43.169817	80.552860	51.476489
6179021687	-19.804990	-43.169145	2998692135	-19.804544	-43.168971	53.003294	33.871218
6179021690	-19.803176	-43.168852	2998692022	-19.802718	-43.169007	70.180713	44.848274
6379748348	-19.803421	-43.169262	2998692078	-19.803769	-43.169379	40.553904	25.915561
6379748348	-19.803421	-43.169262	6379748349	-19.803648	-43.168608	72.906904	46.590419
6379748348	-19.803421	-43.169262	2998692022	-19.802718	-43.169007	82.785391	52.903166
6379748349	-19.803648	-43.168608	6379748348	-19.803421	-43.169262	72.906904	46.590419
6379748349	-19.803648	-43.168608	2998692096	-19.803945	-43.168700	34.551966	22.080084
6379748349	-19.803648	-43.168608	2998691972	-19.801347	-43.167853	273.096772	174.519727
7554825476	-19.812242	-43.210850	7554825477	-19.813189	-43.210779	184.630752	117.986412
7554825477	-19.813189	-43.210779	7979700601	-19.815939	-43.205771	1142.987664	730.414694
7554825477	-19.813189	-43.210779	7554825476	-19.812242	-43.210850	184.630752	117.986412
7554825477	-19.813189	-43.210779	3427415384	-19.813608	-43.211715	140.908334	90.046044
7643062182	-19.811075	-43.217059	6179019440	-19.810679	-43.216467	78.744190	50.320677
7643065703	-19.811302	-43.213454	3427415373	-19.812264	-43.212882	125.393271	80.131300
7643065703	-19.811302	-43.213454	3262092592	-19.810931	-43.213206	49.168119	31.420388
7643065703	-19.811302	-43.213454	3262092585	-19.810459	-43.214991	235.947875	150.780100
7803001589	-19.805634	-43.177786	2998692179	-19.805149	-43.177835	54.171717	34.617887
7803001589	-19.805634	-43.177786	2998692287	-19.806550	-43.177694	102.278183	65.359837
7803001589	-19.805634	-43.177786	7806739787	-19.806090	-43.176923	103.594899	66.201271
7803023839	-19.805239	-43.165445	2998692184	-19.805214	-43.167003	182.767233	116.795549
7803023862	-19.806000	-43.169280	2998692350	-19.806829	-43.169082	121.068914	77.367863
7806739787	-19.806090	-43.176923	7803001589	-19.805634	-43.177786	103.594899	66.201271
7809094227	-19.807248	-43.182307	7981070443	-19.807209	-43.182392	9.959125	6.364278
7809094227	-19.807248	-43.182307	2998692385	-19.807497	-43.181587	80.283640	51.304447
7809539787	-19.802708	-43.203995	3262092634	-19.810763	-43.204477	1288.514595	823.412205
7880408648	-19.807023	-43.182765	7880408656	-19.806999	-43.182812	5.648236	3.609448
7880408649	-19.807152	-43.182802	2998692352	-19.807246	-43.182399	43.386054	27.725419
7880408649	-19.807152	-43.182802	7880408648	-19.807023	-43.182765	17.618465	11.258902
7880408650	-19.807067	-43.182909	7880408649	-19.807152	-43.182802	17.338651	11.080089
7880408656	-19.806999	-43.182812	2998692319	-19.806918	-43.182947	16.783972	10.725628
7880408656	-19.806999	-43.182812	7880408663	-19.807022	-43.182886	8.454591	5.402821
7880408663	-19.807022	-43.182886	7880408650	-19.807067	-43.182909	5.649007	3.609940
7880433509	-19.808313	-43.181157	3265885439	-19.808376	-43.181164	7.046326	4.502883
7935808393	-19.807324	-43.159981	2998692508	-19.809190	-43.162188	313.625666	200.419306
7976395054	-19.817815	-43.196571	3354332087	-19.817810	-43.195884	71.866793	45.925746
7976395054	-19.817815	-43.196571	11459651327	-19.818011	-43.197230	74.614829	47.681851
7976395054	-19.817815	-43.196571	3429244293	-19.818386	-43.196639	64.470124	41.198980
7979700601	-19.815939	-43.205771	2996378563	-19.816320	-43.200523	724.196264	462.790290
7979700601	-19.815939	-43.205771	7554825477	-19.813189	-43.210779	1142.987664	730.414694
7980295113	-19.830297	-43.194557	3354331370	-19.827603	-43.191473	443.556133	283.450056
7981070443	-19.807209	-43.182392	2998692352	-19.807246	-43.182399	4.153357	2.654161
7981070443	-19.807209	-43.182392	2998692252	-19.806081	-43.181454	182.248927	116.464331
7981070443	-19.807209	-43.182392	7880408648	-19.807023	-43.182765	44.264837	28.286996
7981117102	-19.822748	-43.196504	3354332231	-19.822813	-43.195202	151.563951	96.855408
8169452892	-19.809596	-43.162687	2998692523	-19.809616	-43.162714	3.611336	2.307788
8169452892	-19.809596	-43.162687	2998692523	-19.809616	-43.162714	502.351197	321.022446
8169452892	-19.809596	-43.162687	2998692508	-19.809190	-43.162188	68.972121	44.075936
8170103007	-19.807008	-43.171672	2998692325	-19.807045	-43.171696	4.795413	3.064460
8170103007	-19.807008	-43.171672	2998692197	-19.805408	-43.171268	183.785731	117.446411
8170103007	-19.807008	-43.171672	2998692334	-19.807104	-43.170851	91.352920	58.378159
9405802113	-19.818604	-43.195972	3354332087	-19.817810	-43.195884	89.662061	57.297633
9405802126	-19.806360	-43.186133	3266029692	-19.806029	-43.185458	81.697886	52.208207
9405802126	-19.806360	-43.186133	9405802140	-19.806981	-43.185628	87.935896	56.194544
9405802126	-19.806360	-43.186133	11460996959	-19.807689	-43.187296	253.919588	162.264741
9405802140	-19.806981	-43.185628	11460996959	-19.807689	-43.187296	191.488955	122.369078
9405802140	-19.806981	-43.185628	9405802126	-19.806360	-43.186133	87.935896	56.194544
9405802140	-19.806981	-43.185628	11460996958	-19.808065	-43.186482	212.577915	135.845764
11459651327	-19.818011	-43.197230	7976395054	-19.817815	-43.196571	74.614829	47.681851
11459656322	-19.817963	-43.193203	3354332071	-19.818109	-43.193215	16.214026	10.361409
11460996958	-19.808065	-43.186482	9405802140	-19.806981	-43.185628	212.577915	135.845764
11460996958	-19.808065	-43.186482	11460996959	-19.807689	-43.187296	275.825885	176.263739
11460996959	-19.807689	-43.187296	9405802140	-19.806981	-43.185628	191.488955	122.369078
11460996959	-19.807689	-43.187296	11460996958	-19.808065	-43.186482	275.825885	176.263739
11460996959	-19.807689	-43.187296	9405802126	-19.806360	-43.186133	253.919588	162.264741
3354332016	-19.817400	-43.191820	3354383674	-19.824813	-43.191204	868.200000	554.814419
1393566395	-19.813740	-43.193051	11460996958	-19.808065	-43.186482	1213.900000	775.730504
3266002268	-19.807184	-43.178220	2998692378	-19.807480	-43.177605	99.700000	63.712275
2998692287	-19.806550	-43.177694	3266002268	-19.807184	-43.178220	126.300000	80.710736
7880408650	-19.807067	-43.182909	3265885439	-19.808376	-43.181164	313.100000	200.083385
7880433509	-19.808313	-43.181157	2998692398	-19.807666	-43.178440	303.100000	193.692986
2998692553	-19.810716	-43.164009	3641488087	-19.808836	-43.171490	954.600000	610.027464
