1377820200	-19.817773	-43.171033	2396569177	-19.818128	-43.171228	44.432441	29.602033
1377820200	-19.817773	-43.171033	2396569173	-19.817427	-43.170831	43.820093	29.194071
1377820200	-19.817773	-43.171033	2396569187	-19.819546	-43.171069	214.328595	142.791211
1388527953	-19.814734	-43.171055	2396569126	-19.814176	-43.170725	71.002282	47.303542
1388527953	-19.814734	-43.171055	2396569151	-19.815124	-43.170311	89.049618	59.327141
1388527953	-19.814734	-43.171055	1389502281	-19.814426	-43.171506	58.358387	38.879855
1389495141	-19.816080	-43.168235	2397522263	-19.816022	-43.168686	47.978673	31.964623
1389495141	-19.816080	-43.168235	2990156135	-19.815710	-43.166790	157.171885	104.711944
1389495141	-19.816080	-43.168235	1393586570	-19.816891	-43.168208	112.227446	74.768805
1389502256	-19.815267	-43.169674	2396569151	-19.815124	-43.170311	68.505692	45.640250
1389502281	-19.814426	-43.171506	2396569127	-19.814274	-43.171645	22.279612	14.843250
1389502281	-19.814426	-43.171506	1388527953	-19.814734	-43.171055	58.358387	38.879855
1389502281	-19.814426	-43.171506	7556059974	-19.814248	-43.172381	119.236630	79.438503
1390636433	-19.813039	-43.172926	2396569127	-19.814274	-43.171645	191.886867	127.839955
1391042593	-19.819584	-43.163835	2990156239	-19.819122	-43.165973	237.543381	158.257497
1391042612	-19.831370	-43.166268	2984595313	-19.830114	-43.165472	162.498162	108.260446
1391042619	-19.819686	-43.166768	1391042671	-19.819480	-43.166509	35.442254	23.612539
1391042619	-19.819686	-43.166768	1391042668	-19.820648	-43.164858	229.996274	153.229420
1391042619	-19.819686	-43.166768	7556059711	-19.820063	-43.167409	79.073898	52.681061
1391042636	-19.820241	-43.164182	2990156262	-19.819973	-43.163804	49.497069	32.976218
1391042636	-19.820241	-43.164182	2990156281	-19.820558	-43.164615	57.382358	38.229599
1391042636	-19.820241	-43.164182	1391042671	-19.819480	-43.166509	268.651519	178.982537
1391042660	-19.819283	-43.166241	1391042671	-19.819480	-43.166509	35.581094	23.705038
1391042660	-19.819283	-43.166241	2990156239	-19.819122	-43.165973	33.319949	22.198605
1391042660	-19.819283	-43.166241	2990156262	-19.819973	-43.163804	277.476962	184.862274
1391042660	-19.819283	-43.166241	2990156221	-19.818769	-43.166249	58.648702	39.073271
1391042668	-19.820648	-43.164858	2990156281	-19.820558	-43.164615	27.327870	18.206528
1391042668	-19.820648	-43.164858	2990156286	-19.821152	-43.165707	104.950483	69.920706
1391042668	-19.820648	-43.164858	1391042619	-19.819686	-43.166768	229.996274	153.229420
1391042671	-19.819480	-43.166509	1391042619	-19.819686	-43.166768	35.442254	23.612539
1391042671	-19.819480	-43.166509	1391042660	-19.819283	-43.166241	35.581094	23.705038
1391042671	-19.819480	-43.166509	1391042636	-19.820241	-43.164182	268.651519	178.982537
1393586555	-19.817094	-43.168495	3348393766	-19.817357	-43.168940	54.972180	36.623877
1393586555	-19.817094	-43.168495	1393586570	-19.816891	-43.168208	37.560399	25.023702
1393586555	-19.817094	-43.168495	2396569163	-19.815833	-43.169204	158.634618	105.686454
1393586570	-19.816891	-43.168208	2397522263	-19.816022	-43.168686	108.830505	72.505675
1393586570	-19.816891	-43.168208	1393586555	-19.817094	-43.168495	37.560399	25.023702
1393586570	-19.816891	-43.168208	1389495141	-19.816080	-43.168235	112.227446	74.768805
1395234210	-19.811357	-43.169159	2396568967	-19.810825	-43.168867	66.581618	44.358383
1395234210	-19.811357	-43.169159	2396569019	-19.811649	-43.168643	62.990016	41.965565
1395234210	-19.811357	-43.169159	2396568970	-19.810803	-43.170246	129.351415	86.177232
1395234210	-19.811357	-43.169159	2396569040	-19.811943	-43.169490	73.804483	49.170441
1395854252	-19.822089	-43.166630	2990156306	-19.821834	-43.166398	37.314013	24.859553
1395854252	-19.822089	-43.166630	2990156318	-19.822199	-43.166736	16.477637	10.977825
1395854252	-19.822089	-43.166630	2990156316	-19.822333	-43.165853	85.669542	57.075247
1395854339	-19.815026	-43.165840	2990156089	-19.815237	-43.165647	30.860220	20.559871
1395854339	-19.815026	-43.165840	2397522260	-19.815607	-43.166573	100.352848	66.857643
1395854339	-19.815026	-43.165840	2990156039	-19.814731	-43.165632	39.543414	26.344837
1395854346	-19.811047	-43.171514	1395854369	-19.811552	-43.171637	57.585794	38.365134
1395854346	-19.811047	-43.171514	2396568957	-19.810555	-43.171431	55.407020	36.913579
1395854346	-19.811047	-43.171514	1395854350	-19.811138	-43.171105	43.982603	29.302339
1395854350	-19.811138	-43.171105	1395854346	-19.811047	-43.171514	43.982603	29.302339
1395854366	-19.821723	-43.164198	2990156277	-19.820358	-43.163843	156.348741	104.163544
1395854366	-19.821723	-43.164198	2990156281	-19.820558	-43.164615	198.882927	132.500910
1395854366	-19.821723	-43.164198	2990156304	-19.821804	-43.163504	73.291809	48.828884
1395854369	-19.811552	-43.171637	1395854346	-19.811047	-43.171514	57.585794	38.365134
1395854369	-19.811552	-43.171637	2396569007	-19.811436	-43.171927	32.932021	21.940157
1395854369	-19.811552	-43.171637	2396569028	-19.811776	-43.171208	51.378816	34.229886
1395864439	-19.834315	-43.179328	2996379635	-19.833851	-43.179688	63.868774	42.551016
1395864439	-19.834315	-43.179328	2996379693	-19.835201	-43.178617	123.513255	82.287700
1395864439	-19.834315	-43.179328	1399759168	-19.834406	-43.178107	128.122288	85.358356
1399759073	-19.835965	-43.179127	2996379726	-19.835795	-43.179011	22.406016	14.927463
1399759086	-19.837551	-43.180198	2996379808	-19.836780	-43.180025	88.619301	59.040452
1399759086	-19.837551	-43.180198	2996379788	-19.836592	-43.180642	221.411125	147.509774
1399759125	-19.835906	-43.178285	1399759151	-19.834449	-43.177339	189.773445	126.431940
1399759125	-19.835906	-43.178285	2996379764	-19.836242	-43.177692	72.343713	48.197238
1399759125	-19.835906	-43.178285	2996379713	-19.835588	-43.178859	69.755798	46.473103
1399759127	-19.836172	-43.179817	2996379808	-19.836780	-43.180025	71.082345	47.356882
1399759127	-19.836172	-43.179817	2996379703	-19.835395	-43.179595	89.419583	59.573621
1399759151	-19.834449	-43.177339	1399759125	-19.835906	-43.178285	189.773445	126.431940
1399759151	-19.834449	-43.177339	2996379671	-19.834777	-43.176743	72.564340	48.344226
1399759151	-19.834449	-43.177339	1399759168	-19.834406	-43.178107	80.501510	53.632172
1399759168	-19.834406	-43.178107	2996379693	-19.835201	-43.178617	103.202603	68.756223
1399759168	-19.834406	-43.178107	1399759151	-19.834449	-43.177339	80.501510	53.632172
1399759168	-19.834406	-43.178107	1395864439	-19.834315	-43.179328	128.122288	85.358356
2396568944	-19.810275	-43.169964	2396568967	-19.810825	-43.168867	130.054938	86.645937
2396568944	-19.810275	-43.169964	2396568970	-19.810803	-43.170246	65.747287	43.802530
2396568954	-19.810473	-43.172070	2396569007	-19.811436	-43.171927	108.095017	72.015675
2396568954	-19.810473	-43.172070	2396568957	-19.810555	-43.171431	67.622851	45.052079
2396568957	-19.810555	-43.171431	3427728438	-19.810604	-43.170988	46.630881	31.066690
2396568957	-19.810555	-43.171431	1395854346	-19.811047	-43.171514	55.407020	36.913579
2396568957	-19.810555	-43.171431	2396568954	-19.810473	-43.172070	67.622851	45.052079
2396568967	-19.810825	-43.168867	1395234210	-19.811357	-43.169159	66.581618	44.358383
2396568967	-19.810825	-43.168867	2396568944	-19.810275	-43.169964	130.054938	86.645937
2396568967	-19.810825	-43.168867	2396568992	-19.811374	-43.167775	129.484155	86.265667
2396568970	-19.810803	-43.170246	1395234210	-19.811357	-43.169159	129.351415	86.177232
2396568970	-19.810803	-43.170246	3427728438	-19.810604	-43.170988	81.298133	54.162903
2396568970	-19.810803	-43.170246	2396568944	-19.810275	-43.169964	65.747287	43.802530
2396568992	-19.811374	-43.167775	2396568967	-19.810825	-43.168867	129.484155	86.265667
2396568992	-19.811374	-43.167775	2396569034	-19.811934	-43.168083	70.150700	46.736197
2396568992	-19.811374	-43.167775	2396569062	-19.812465	-43.167008	191.712635	127.723878
2396569007	-19.811436	-43.171927	2396569013	-19.811428	-43.172494	59.291481	39.501506
2396569007	-19.811436	-43.171927	3427765897	-19.812744	-43.171771	146.394273	97.531622
2396569007	-19.811436	-43.171927	1395854369	-19.811552	-43.171637	32.932021	21.940157
2396569007	-19.811436	-43.171927	2396568954	-19.810473	-43.172070	108.095017	72.015675
2396569013	-19.811428	-43.172494	2396569007	-19.811436	-43.171927	59.291481	39.501506
2396569019	-19.811649	-43.168643	1395234210	-19.811357	-43.169159	62.990016	41.965565
2396569028	-19.811776	-43.171208	2396569064	-19.812490	-43.169795	167.841826	111.820532
2396569028	-19.811776	-43.171208	2396569068	-19.812533	-43.171117	84.738059	56.454670
2396569028	-19.811776	-43.171208	1395854369	-19.811552	-43.171637	51.378816	34.229886
2396569034	-19.811934	-43.168083	2396569059	-19.812468	-43.168382	67.088457	44.696052
2396569034	-19.811934	-43.168083	2396568992	-19.811374	-43.167775	70.150700	46.736197
2396569034	-19.811934	-43.168083	2396569062	-19.812465	-43.167008	127.073796	84.659825
2396569040	-19.811943	-43.169490	2396569064	-19.812490	-43.169795	68.719495	45.782691
2396569040	-19.811943	-43.169490	2396569049	-19.812186	-43.168990	58.988924	39.299935
2396569040	-19.811943	-43.169490	1395234210	-19.811357	-43.169159	73.804483	49.170441
2396569049	-19.812186	-43.168990	2396569059	-19.812468	-43.168382	70.837886	47.194018
2396569049	-19.812186	-43.168990	2396569040	-19.811943	-43.169490	58.988924	39.299935
2396569049	-19.812186	-43.168990	2396569070	-19.812755	-43.169293	70.834684	47.191885
2396569059	-19.812468	-43.168382	2396569077	-19.813023	-43.167300	128.954460	85.912771
2396569059	-19.812468	-43.168382	2396569049	-19.812186	-43.168990	70.837886	47.194018
2396569059	-19.812468	-43.168382	2396569081	-19.813034	-43.168704	71.428237	47.587325
2396569059	-19.812468	-43.168382	2396569034	-19.811934	-43.168083	67.088457	44.696052
2396569062	-19.812465	-43.167008	3348364696	-19.812881	-43.167201	50.506263	33.648569
2396569062	-19.812465	-43.167008	2396569034	-19.811934	-43.168083	127.073796	84.659825
2396569062	-19.812465	-43.167008	2396568992	-19.811374	-43.167775	191.712635	127.723878
2396569064	-19.812490	-43.169795	2396569040	-19.811943	-43.169490	68.719495	45.782691
2396569064	-19.812490	-43.169795	2396569083	-19.813046	-43.170107	69.857067	46.540571
2396569064	-19.812490	-43.169795	2396569070	-19.812755	-43.169293	60.181353	40.094362
2396569064	-19.812490	-43.169795	2396569028	-19.811776	-43.171208	167.841826	111.820532
2396569068	-19.812533	-43.171117	2396569083	-19.813046	-43.170107	120.103575	80.016084
2396569068	-19.812533	-43.171117	2396569091	-19.813311	-43.171031	86.885687	57.885475
2396569068	-19.812533	-43.171117	2396569028	-19.811776	-43.171208	84.738059	56.454670
2396569070	-19.812755	-43.169293	2396569081	-19.813034	-43.168704	68.948220	45.935074
2396569070	-19.812755	-43.169293	2396569064	-19.812490	-43.169795	60.181353	40.094362
2396569070	-19.812755	-43.169293	2396569049	-19.812186	-43.168990	70.834684	47.191885
2396569075	-19.812962	-43.171754	2990155911	-19.812912	-43.171758	5.631709	3.751989
2396569075	-19.812962	-43.171754	2396569112	-19.813705	-43.171660	83.209680	55.436425
2396569075	-19.812962	-43.171754	2396569091	-19.813311	-43.171031	84.950438	56.596162
2396569077	-19.813023	-43.167300	2396569059	-19.812468	-43.168382	128.954460	85.912771
2396569077	-19.813023	-43.167300	3348364696	-19.812881	-43.167201	18.829686	12.544820
2396569077	-19.813023	-43.167300	2396569081	-19.813034	-43.168704	180.066133	119.964679
2396569081	-19.813034	-43.168704	2396569103	-19.813577	-43.169001	67.821089	45.184150
2396569081	-19.813034	-43.168704	2396569059	-19.812468	-43.168382	71.428237	47.587325
2396569081	-19.813034	-43.168704	2396569070	-19.812755	-43.169293	68.948220	45.935074
2396569081	-19.813034	-43.168704	2396569077	-19.813023	-43.167300	180.066133	119.964679
2396569083	-19.813046	-43.170107	2396569103	-19.813577	-43.169001	129.948140	86.574786
2396569083	-19.813046	-43.170107	2396569064	-19.812490	-43.169795	69.857067	46.540571
2396569083	-19.813046	-43.170107	2396569105	-19.813609	-43.170421	70.776366	47.153032
2396569083	-19.813046	-43.170107	2396569068	-19.812533	-43.171117	120.103575	80.016084
2396569091	-19.813311	-43.171031	2396569075	-19.812962	-43.171754	84.950438	56.596162
2396569091	-19.813311	-43.171031	2396569105	-19.813609	-43.170421	71.973826	47.950810
2396569091	-19.813311	-43.171031	2396569068	-19.812533	-43.171117	86.885687	57.885475
2396569101	-19.813608	-43.166978	2396569136	-19.814645	-43.167454	125.616145	83.688700
2396569101	-19.813608	-43.166978	3348364697	-19.813094	-43.166745	62.233078	41.461274
2396569101	-19.813608	-43.166978	2396569103	-19.813577	-43.169001	230.603795	153.634167
2396569103	-19.813577	-43.169001	2396569083	-19.813046	-43.170107	129.948140	86.574786
2396569103	-19.813577	-43.169001	2396569123	-19.814137	-43.169320	70.677219	47.086977
2396569103	-19.813577	-43.169001	2396569081	-19.813034	-43.168704	67.821089	45.184150
2396569103	-19.813577	-43.169001	2396569101	-19.813608	-43.166978	230.603795	153.634167
2396569105	-19.813609	-43.170421	2396569083	-19.813046	-43.170107	70.776366	47.153032
2396569105	-19.813609	-43.170421	2396569126	-19.814176	-43.170725	70.583503	47.024541
2396569105	-19.813609	-43.170421	2396569091	-19.813311	-43.171031	71.973826	47.950810
2396569105	-19.813609	-43.170421	2396569123	-19.814137	-43.169320	129.257648	86.114762
2396569112	-19.813705	-43.171660	2396569075	-19.812962	-43.171754	83.209680	55.436425
2396569112	-19.813705	-43.171660	2396569127	-19.814274	-43.171645	63.300059	42.172124
2396569112	-19.813705	-43.171660	2396569126	-19.814176	-43.170725	110.911799	73.892287
2396569123	-19.814137	-43.169320	2396569103	-19.813577	-43.169001	70.677219	47.086977
2396569123	-19.814137	-43.169320	2396569105	-19.813609	-43.170421	129.257648	86.114762
2396569123	-19.814137	-43.169320	2396569136	-19.814645	-43.167454	212.255344	141.409958
2396569123	-19.814137	-43.169320	2396569135	-19.814567	-43.169950	87.335282	58.185006
2396569126	-19.814176	-43.170725	2396569105	-19.813609	-43.170421	70.583503	47.024541
2396569126	-19.814176	-43.170725	1388527953	-19.814734	-43.171055	71.002282	47.303542
2396569126	-19.814176	-43.170725	2396569112	-19.813705	-43.171660	110.911799	73.892287
2396569126	-19.814176	-43.170725	2396569135	-19.814567	-43.169950	92.088533	61.351744
2396569127	-19.814274	-43.171645	1389502281	-19.814426	-43.171506	22.279612	14.843250
2396569127	-19.814274	-43.171645	2396569112	-19.813705	-43.171660	63.300059	42.172124
2396569127	-19.814274	-43.171645	1390636433	-19.813039	-43.172926	191.886867	127.839955
2396569135	-19.814567	-43.169950	2396569126	-19.814176	-43.170725	92.088533	61.351744
2396569135	-19.814567	-43.169950	2396569153	-19.815158	-43.167689	277.153286	184.646632
2396569135	-19.814567	-43.169950	2396569151	-19.815124	-43.170311	72.532870	48.323259
2396569135	-19.814567	-43.169950	2396569123	-19.814137	-43.169320	87.335282	58.185006
2396569136	-19.814645	-43.167454	2396569153	-19.815158	-43.167689	62.026943	41.323942
2396569136	-19.814645	-43.167454	2396569101	-19.813608	-43.166978	125.616145	83.688700
2396569136	-19.814645	-43.167454	2396569123	-19.814137	-43.169320	212.255344	141.409958
2396569136	-19.814645	-43.167454	2990155901	-19.812740	-43.166587	311.962000	207.837091
2396569151	-19.815124	-43.170311	1388527953	-19.814734	-43.171055	89.049618	59.327141
2396569151	-19.815124	-43.170311	1389502256	-19.815267	-43.169674	68.505692	45.640250
2396569151	-19.815124	-43.170311	2396569135	-19.814567	-43.169950	72.532870	48.323259
2396569153	-19.815158	-43.167689	2396569136	-19.814645	-43.167454	62.026943	41.323942
2396569153	-19.815158	-43.167689	3348393731	-19.815461	-43.167183	62.796610	41.836713
2396569153	-19.815158	-43.167689	3348364702	-19.815568	-43.167903	50.804377	33.847180
2396569153	-19.815158	-43.167689	2396569135	-19.814567	-43.169950	277.153286	184.646632
2396569161	-19.815864	-43.169649	2396569165	-19.816045	-43.170001	41.996662	27.979254
2396569161	-19.815864	-43.169649	3348393766	-19.817357	-43.168940	184.638390	123.010834
2396569161	-19.815864	-43.169649	2396569163	-19.815833	-43.169204	52.661837	35.084667
2396569161	-19.815864	-43.169649	7554852107	-19.816822	-43.171466	234.900484	156.496731
2396569163	-19.815833	-43.169204	2397522263	-19.816022	-43.168686	58.145704	38.738160
2396569163	-19.815833	-43.169204	1393586555	-19.817094	-43.168495	158.634618	105.686454
2396569163	-19.815833	-43.169204	2396569161	-19.815864	-43.169649	52.661837	35.084667
2396569165	-19.816045	-43.170001	2396569175	-19.817716	-43.168999	213.401099	142.173289
2396569165	-19.816045	-43.170001	2396569161	-19.815864	-43.169649	41.996662	27.979254
2396569165	-19.816045	-43.170001	2396569167	-19.816405	-43.170217	46.229545	30.799309
2396569167	-19.816405	-43.170217	2396569169	-19.816745	-43.170420	43.278442	28.833209
2396569167	-19.816405	-43.170217	2396569179	-19.818247	-43.169087	236.518725	157.574845
2396569167	-19.816405	-43.170217	2396569165	-19.816045	-43.170001	46.229545	30.799309
2396569169	-19.816745	-43.170420	2396569171	-19.817098	-43.170628	44.893771	29.909382
2396569169	-19.816745	-43.170420	2396569167	-19.816405	-43.170217	43.278442	28.833209
2396569169	-19.816745	-43.170420	2396569181	-19.819084	-43.169714	288.166215	191.983728
2396569171	-19.817098	-43.170628	2396569169	-19.816745	-43.170420	44.893771	29.909382
2396569171	-19.817098	-43.170628	2396569183	-19.819246	-43.170173	264.997388	176.548061
2396569171	-19.817098	-43.170628	2396569173	-19.817427	-43.170831	42.391088	28.242031
2396569173	-19.817427	-43.170831	1377820200	-19.817773	-43.171033	43.820093	29.194071
2396569173	-19.817427	-43.170831	2396569185	-19.819392	-43.170610	240.034877	159.917396
2396569173	-19.817427	-43.170831	2396569171	-19.817098	-43.170628	42.391088	28.242031
2396569175	-19.817716	-43.168999	2396569179	-19.818247	-43.169087	59.756060	39.811021
2396569175	-19.817716	-43.168999	2396569165	-19.816045	-43.170001	213.401099	142.173289
2396569175	-19.817716	-43.168999	3348393766	-19.817357	-43.168940	40.465313	26.959030
2396569177	-19.818128	-43.171228	1377820200	-19.817773	-43.171033	44.432441	29.602033
2396569177	-19.818128	-43.171228	2396569189	-19.819722	-43.171537	191.349223	127.481763
2396569177	-19.818128	-43.171228	2396569189	-19.819722	-43.171537	260.150162	173.318715
2396569179	-19.818247	-43.169087	2396569175	-19.817716	-43.168999	59.756060	39.811021
2396569179	-19.818247	-43.169087	2396569181	-19.819084	-43.169714	126.156582	84.048753
2396569179	-19.818247	-43.169087	2396569167	-19.816405	-43.170217	236.518725	157.574845
2396569181	-19.819084	-43.169714	2396569183	-19.819246	-43.170173	51.234322	34.133620
2396569181	-19.819084	-43.169714	2396569169	-19.816745	-43.170420	288.166215	191.983728
2396569181	-19.819084	-43.169714	2396569179	-19.818247	-43.169087	126.156582	84.048753
2396569183	-19.819246	-43.170173	2396569181	-19.819084	-43.169714	51.234322	34.133620
2396569183	-19.819246	-43.170173	2396569185	-19.819392	-43.170610	48.545692	32.342386
2396569183	-19.819246	-43.170173	2396569171	-19.817098	-43.170628	264.997388	176.548061
2396569185	-19.819392	-43.170610	2396569183	-19.819246	-43.170173	48.545692	32.342386
2396569185	-19.819392	-43.170610	2396569187	-19.819546	-43.171069	50.934324	33.933754
2396569185	-19.819392	-43.170610	2396569173	-19.817427	-43.170831	240.034877	159.917396
2396569187	-19.819546	-43.171069	2396569185	-19.819392	-43.170610	50.934324	33.933754
2396569187	-19.819546	-43.171069	2396569189	-19.819722	-43.171537	52.757936	35.148691
2396569187	-19.819546	-43.171069	1377820200	-19.817773	-43.171033	214.328595	142.791211
2396569189	-19.819722	-43.171537	2396569187	-19.819546	-43.171069	52.757936	35.148691
2396569189	-19.819722	-43.171537	2396569177	-19.818128	-43.171228	260.150162	173.318715
2396569189	-19.819722	-43.171537	2396569177	-19.818128	-43.171228	191.349223	127.481763
2397522260	-19.815607	-43.166573	2990156135	-19.815710	-43.166790	25.392474	16.917118
2397522260	-19.815607	-43.166573	1395854339	-19.815026	-43.165840	100.352848	66.857643
2397522260	-19.815607	-43.166573	3348393731	-19.815461	-43.167183	67.078415	44.689362
2397522263	-19.816022	-43.168686	2396569163	-19.815833	-43.169204	58.145704	38.738160
2397522263	-19.816022	-43.168686	1393586570	-19.816891	-43.168208	108.830505	72.505675
2397522263	-19.816022	-43.168686	1389495141	-19.816080	-43.168235	47.978673	31.964623
2984557961	-19.816515	-43.157540	3275012801	-19.816548	-43.157465	8.661561	5.770554
2984557961	-19.816515	-43.157540	3275012803	-19.817238	-43.157608	81.259282	54.137019
2984557983	-19.822519	-43.161151	3275012825	-19.822570	-43.161094	8.243967	5.492342
2984557983	-19.822519	-43.161151	3275012826	-19.823051	-43.161497	69.350612	46.203158
2984557985	-19.825303	-43.162533	3275012828	-19.825340	-43.162460	8.661566	5.770557
2984557985	-19.825303	-43.162533	2984591839	-19.825930	-43.162817	75.798483	50.498895
2984586413	-19.820627	-43.160626	8166918378	-19.820601	-43.160645	3.520113	2.345190
2984586413	-19.820627	-43.160626	3266240479	-19.821211	-43.161216	89.611846	59.701711
2984586422	-19.821996	-43.160526	3275012744	-19.822043	-43.160475	7.444928	4.960002
2984586422	-19.821996	-43.160526	3275012823	-19.822261	-43.160882	47.446602	31.610144
2984586425	-19.822458	-43.160141	3275012744	-19.822043	-43.160475	57.883098	38.563206
2984586425	-19.822458	-43.160141	2984586430	-19.823548	-43.160949	152.124838	101.349471
2984586425	-19.822458	-43.160141	2984598785	-19.823810	-43.160324	170.057175	113.296455
2984586430	-19.823548	-43.160949	2984598785	-19.823810	-43.160324	71.593935	47.697717
2984586430	-19.823548	-43.160949	2984598787	-19.824090	-43.161182	65.072913	43.353245
2984586430	-19.823548	-43.160949	2984586425	-19.822458	-43.160141	152.124838	101.349471
2984586432	-19.824557	-43.162196	2984557985	-19.825303	-43.162533	90.084231	60.016427
2984586432	-19.824557	-43.162196	3275012733	-19.824583	-43.162118	8.655315	5.766393
2984591834	-19.825102	-43.160890	2984598785	-19.823810	-43.160324	155.381907	103.519414
2984591834	-19.825102	-43.160890	2984598785	-19.823810	-43.160324	291.712963	194.346663
2984591834	-19.825102	-43.160890	2984598788	-19.824840	-43.161507	70.834663	47.191870
2984591834	-19.825102	-43.160890	2984591842	-19.826492	-43.161525	168.290180	112.119237
2984591839	-19.825930	-43.162817	2984595276	-19.826214	-43.162939	34.043838	22.680879
2984591839	-19.825930	-43.162817	3275012732	-19.825964	-43.162738	9.097005	6.060658
2984591842	-19.826492	-43.161525	2984598789	-19.826222	-43.162137	70.670099	47.082234
2984591842	-19.826492	-43.161525	2984591852	-19.828054	-43.162174	186.465808	124.228307
2984591842	-19.826492	-43.161525	2984591834	-19.825102	-43.160890	168.290180	112.119237
2984591845	-19.827174	-43.162585	2984598789	-19.826222	-43.162137	115.681214	77.069794
2984591848	-19.827507	-43.163518	2984595299	-19.827919	-43.163709	50.005349	33.314847
2984591848	-19.827507	-43.163518	3275012731	-19.827552	-43.163458	8.079008	5.382443
2984591850	-19.827794	-43.162797	2984598800	-19.829033	-43.163360	149.831853	99.821826
2984591850	-19.827794	-43.162797	3275012731	-19.827552	-43.163458	74.221987	49.448593
2984591850	-19.827794	-43.162797	2984591852	-19.828054	-43.162174	71.221273	47.449440
2984591852	-19.828054	-43.162174	2984591850	-19.827794	-43.162797	71.221273	47.449440
2984591852	-19.828054	-43.162174	3265713525	-19.828188	-43.162231	15.994577	10.655998
2984591852	-19.828054	-43.162174	2984591842	-19.826492	-43.161525	186.465808	124.228307
2984591856	-19.828747	-43.164076	3275012834	-19.829209	-43.164284	55.764997	37.152072
2984591856	-19.828747	-43.164076	3275012730	-19.828772	-43.163992	9.275801	6.179777
2984591858	-19.829559	-43.164449	3275012836	-19.829911	-43.164603	42.337846	28.206560
2984591858	-19.829559	-43.164449	2984598801	-19.829278	-43.165081	73.106530	48.705447
2984591862	-19.829839	-43.163734	2984598800	-19.829033	-43.163360	97.814072	65.166245
2984591862	-19.829839	-43.163734	2984591867	-19.830106	-43.163073	75.220894	50.114090
2984591862	-19.829839	-43.163734	3275012729	-19.829572	-43.164362	72.081823	48.022761
2984591867	-19.830106	-43.163073	2984598802	-19.829313	-43.162730	95.141213	63.385518
2984591867	-19.830106	-43.163073	2984591862	-19.829839	-43.163734	75.220894	50.114090
2984591867	-19.830106	-43.163073	2984598803	-19.829558	-43.162062	158.078700	105.316087
2984595001	-19.818076	-43.163215	2984595006	-19.819406	-43.162861	154.037657	102.623840
2984595001	-19.818076	-43.163215	2990156223	-19.818880	-43.165032	213.181110	142.026727
2984595006	-19.819406	-43.162861	2990156288	-19.821033	-43.162930	187.937667	125.208897
2984595006	-19.819406	-43.162861	2984595001	-19.818076	-43.163215	154.037657	102.623840
2984595015	-19.819973	-43.162402	8169648966	-19.819881	-43.162372	10.755315	7.165467
2984595015	-19.819973	-43.162402	2984595241	-19.821191	-43.162880	151.880675	101.186803
2984595015	-19.819973	-43.162402	8169648965	-19.821297	-43.162174	161.550489	107.629082
2984595241	-19.821191	-43.162880	2990156288	-19.821033	-43.162930	18.289943	12.185229
2984595241	-19.821191	-43.162880	2990156300	-19.821643	-43.162858	50.315109	33.521217
2984595241	-19.821191	-43.162880	2984595015	-19.819973	-43.162402	151.880675	101.186803
2984595244	-19.821831	-43.160312	2984586422	-19.821996	-43.160526	29.013549	19.329571
2984595244	-19.821831	-43.160312	3266240479	-19.821211	-43.161216	117.125425	78.031964
2984595248	-19.822295	-43.161992	8166752901	-19.822287	-43.162061	7.203533	4.799178
2984595248	-19.822295	-43.161992	8166784427	-19.821302	-43.162101	111.270496	74.131260
2984595268	-19.825282	-43.163675	3386668330	-19.825189	-43.163707	10.938204	7.287312
2984595268	-19.825282	-43.163675	2984595277	-19.826441	-43.163345	138.259310	92.111901
2984595268	-19.825282	-43.163675	8169648961	-19.823812	-43.162431	218.223352	145.385998
2984595276	-19.826214	-43.162939	3275012829	-19.826359	-43.163006	17.590842	11.719470
2984595276	-19.826214	-43.162939	3275012831	-19.826306	-43.163129	22.395330	14.920343
2984595277	-19.826441	-43.163345	3275012831	-19.826306	-43.163129	27.117838	18.066599
2984595277	-19.826441	-43.163345	2984595268	-19.825282	-43.163675	138.259310	92.111901
2984595277	-19.826441	-43.163345	2984595287	-19.827201	-43.163748	95.323258	63.506801
2984595283	-19.826877	-43.165777	2984598791	-19.827216	-43.165173	73.620811	49.048074
2984595285	-19.827110	-43.164225	2984595287	-19.827201	-43.163748	50.960590	33.951253
2984595285	-19.827110	-43.164225	2984595286	-19.827084	-43.164299	8.253231	5.498514
2984595285	-19.827110	-43.164225	8169648970	-19.826391	-43.164046	82.592913	55.025519
2984595286	-19.827084	-43.164299	2984595285	-19.827110	-43.164225	8.253231	5.498514
2984595286	-19.827084	-43.164299	2984595294	-19.827553	-43.164579	59.906085	39.910972
2984595287	-19.827201	-43.163748	2984595285	-19.827110	-43.164225	50.960590	33.951253
2984595287	-19.827201	-43.163748	2984595289	-19.827238	-43.163398	36.836697	24.541553
2984595287	-19.827201	-43.163748	2984595277	-19.826441	-43.163345	95.323258	63.506801
2984595289	-19.827238	-43.163398	2984591848	-19.827507	-43.163518	32.436218	21.609841
2984595289	-19.827238	-43.163398	2984595287	-19.827201	-43.163748	36.836697	24.541553
2984595289	-19.827238	-43.163398	3275012832	-19.827249	-43.163329	7.264365	4.839706
2984595291	-19.827206	-43.165954	2984598794	-19.827630	-43.166225	54.997742	36.640907
2984595292	-19.827439	-43.166579	2984598794	-19.827630	-43.166225	42.726600	28.465558
2984595294	-19.827553	-43.164579	2984598792	-19.827580	-43.164516	7.218793	4.809345
2984595294	-19.827553	-43.164579	2984598791	-19.827216	-43.165173	72.562746	48.343163
2984595294	-19.827553	-43.164579	2984595301	-19.828246	-43.165215	102.749550	68.454387
2984595299	-19.827919	-43.163709	2984591856	-19.828747	-43.164076	99.731428	66.443637
2984595299	-19.827919	-43.163709	3275012833	-19.827938	-43.163630	8.539563	5.689276
2984595299	-19.827919	-43.163709	2984598793	-19.827652	-43.164359	74.259990	49.473911
2984595301	-19.828246	-43.165215	2984598797	-19.828279	-43.165149	7.780227	5.183387
2984595301	-19.828246	-43.165215	2984598796	-19.827981	-43.165651	54.289181	36.168846
2984595301	-19.828246	-43.165215	2984595305	-19.828952	-43.165610	88.832757	59.182663
2984595305	-19.828952	-43.165610	2984595306	-19.828985	-43.165535	8.661003	5.770183
2984595305	-19.828952	-43.165610	8169648973	-19.829239	-43.165708	33.553201	22.354004
2984595306	-19.828985	-43.165535	2984595305	-19.828952	-43.165610	8.661003	5.770183
2984595306	-19.828985	-43.165535	2984598797	-19.828279	-43.165149	88.391456	58.888657
2984595308	-19.829185	-43.167228	2984598794	-19.827630	-43.166225	202.188134	134.702924
2984595308	-19.829185	-43.167228	2984598807	-19.830641	-43.168161	189.051975	125.951278
2984595308	-19.829185	-43.167228	2984598804	-19.829520	-43.166635	72.371019	48.215430
2984595310	-19.829288	-43.165551	2984595306	-19.828985	-43.165535	34.073981	22.700960
2984595310	-19.829288	-43.165551	8169648973	-19.829239	-43.165708	17.530135	11.679026
2984595312	-19.829858	-43.166073	2984598804	-19.829520	-43.166635	69.770884	46.483154
2984595312	-19.829858	-43.166073	2984595313	-19.830114	-43.165472	68.995587	45.966631
2984595312	-19.829858	-43.166073	2984598809	-19.831307	-43.167027	189.432339	126.204686
2984595313	-19.830114	-43.165472	2984595312	-19.829858	-43.166073	68.995587	45.966631
2984595313	-19.830114	-43.165472	2984595314	-19.830375	-43.164820	74.103449	49.369619
2984595313	-19.830114	-43.165472	8169648960	-19.830089	-43.165462	3.003173	2.000791
2984595313	-19.830114	-43.165472	1391042612	-19.831370	-43.166268	162.498162	108.260446
2984595314	-19.830375	-43.164820	2984595313	-19.830114	-43.165472	74.103449	49.369619
2984595314	-19.830375	-43.164820	3275012839	-19.830395	-43.164733	9.352527	6.230893
2984595314	-19.830375	-43.164820	3275012840	-19.831011	-43.165168	79.802707	53.166612
2984595318	-19.834861	-43.170913	3275012849	-19.834916	-43.171771	90.027337	59.978523
2984595318	-19.834861	-43.170913	2984598814	-19.833559	-43.170045	170.801368	113.792255
2984595318	-19.834861	-43.170913	8113996655	-19.834921	-43.170914	6.695121	4.460461
2984598785	-19.823810	-43.160324	2984586430	-19.823548	-43.160949	71.593935	47.697717
2984598785	-19.823810	-43.160324	2984591834	-19.825102	-43.160890	155.381907	103.519414
2984598785	-19.823810	-43.160324	2984591834	-19.825102	-43.160890	291.712963	194.346663
2984598785	-19.823810	-43.160324	2984586425	-19.822458	-43.160141	170.057175	113.296455
2984598786	-19.823839	-43.161867	2984586432	-19.824557	-43.162196	86.902779	57.896862
2984598786	-19.823839	-43.161867	3275012734	-19.823868	-43.161792	8.491955	5.657559
2984598787	-19.824090	-43.161182	2984598788	-19.824840	-43.161507	89.981963	59.948293
2984598787	-19.824090	-43.161182	2984586430	-19.823548	-43.160949	65.072913	43.353245
2984598787	-19.824090	-43.161182	3275012734	-19.823868	-43.161792	68.437358	45.594724
2984598788	-19.824840	-43.161507	3275012733	-19.824583	-43.162118	70.018508	46.648127
2984598788	-19.824840	-43.161507	2984591834	-19.825102	-43.160890	70.834663	47.191870
2984598788	-19.824840	-43.161507	2984598787	-19.824090	-43.161182	89.981963	59.948293
2984598788	-19.824840	-43.161507	2984598789	-19.826222	-43.162137	167.323007	111.474882
2984598789	-19.826222	-43.162137	3275012732	-19.825964	-43.162738	69.116815	46.047396
2984598789	-19.826222	-43.162137	2984591842	-19.826492	-43.161525	70.670099	47.082234
2984598789	-19.826222	-43.162137	2984591845	-19.827174	-43.162585	115.681214	77.069794
2984598789	-19.826222	-43.162137	2984598788	-19.824840	-43.161507	167.323007	111.474882
2984598791	-19.827216	-43.165173	2984595294	-19.827553	-43.164579	72.562746	48.343163
2984598791	-19.827216	-43.165173	2984595283	-19.826877	-43.165777	73.620811	49.048074
2984598791	-19.827216	-43.165173	2984598796	-19.827981	-43.165651	98.597021	65.687866
2984598791	-19.827216	-43.165173	3348413227	-19.824921	-43.163930	288.024734	191.889470
2984598792	-19.827580	-43.164516	2984598793	-19.827652	-43.164359	18.255966	12.162593
2984598792	-19.827580	-43.164516	2984595294	-19.827553	-43.164579	7.218793	4.809345
2984598792	-19.827580	-43.164516	2984595285	-19.827110	-43.164225	60.525051	40.323342
2984598793	-19.827652	-43.164359	2984598799	-19.828478	-43.164731	99.760325	66.462889
2984598793	-19.827652	-43.164359	2984598792	-19.827580	-43.164516	18.255966	12.162593
2984598793	-19.827652	-43.164359	2984595299	-19.827919	-43.163709	74.259990	49.473911
2984598794	-19.827630	-43.166225	2984595291	-19.827206	-43.165954	54.997742	36.640907
2984598794	-19.827630	-43.166225	2984595308	-19.829185	-43.167228	202.188134	134.702924
2984598794	-19.827630	-43.166225	2984598796	-19.827981	-43.165651	71.594379	47.698013
2984598794	-19.827630	-43.166225	2984595292	-19.827439	-43.166579	42.726600	28.465558
2984598796	-19.827981	-43.165651	2984595301	-19.828246	-43.165215	54.289181	36.168846
2984598796	-19.827981	-43.165651	2984598794	-19.827630	-43.166225	71.594379	47.698013
2984598796	-19.827981	-43.165651	2984598804	-19.829520	-43.166635	199.733868	133.067829
2984598796	-19.827981	-43.165651	2984598791	-19.827216	-43.165173	98.597021	65.687866
2984598797	-19.828279	-43.165149	2984595301	-19.828246	-43.165215	7.780227	5.183387
2984598797	-19.828279	-43.165149	2984598792	-19.827580	-43.164516	102.735606	68.445097
2984598797	-19.828279	-43.165149	2984598799	-19.828478	-43.164731	49.083988	32.701012
2984598799	-19.828478	-43.164731	2984598793	-19.827652	-43.164359	99.760325	66.462889
2984598799	-19.828478	-43.164731	2984598801	-19.829278	-43.165081	96.185005	64.080919
2984598799	-19.828478	-43.164731	2984591856	-19.828747	-43.164076	74.698011	49.765732
2984598799	-19.828478	-43.164731	2984598797	-19.828279	-43.165149	49.083988	32.701012
2984598800	-19.829033	-43.163360	2984591850	-19.827794	-43.162797	149.831853	99.821826
2984598800	-19.829033	-43.163360	2984591862	-19.829839	-43.163734	97.814072	65.166245
2984598800	-19.829033	-43.163360	3275012730	-19.828772	-43.163992	72.164681	48.077962
2984598800	-19.829033	-43.163360	2984598802	-19.829313	-43.162730	72.926651	48.585606
2984598801	-19.829278	-43.165081	8169648960	-19.830089	-43.165462	98.623486	65.705498
2984598801	-19.829278	-43.165081	2984598799	-19.828478	-43.164731	96.185005	64.080919
2984598801	-19.829278	-43.165081	2984591858	-19.829559	-43.164449	73.106530	48.705447
2984598802	-19.829313	-43.162730	3265713525	-19.828188	-43.162231	135.580447	90.327173
2984598802	-19.829313	-43.162730	2984591867	-19.830106	-43.163073	95.141213	63.385518
2984598802	-19.829313	-43.162730	2984598800	-19.829033	-43.163360	72.926651	48.585606
2984598802	-19.829313	-43.162730	2984598803	-19.829558	-43.162062	74.965463	49.943915
2984598803	-19.829558	-43.162062	2984598802	-19.829313	-43.162730	74.965463	49.943915
2984598803	-19.829558	-43.162062	3265713525	-19.828188	-43.162231	159.515581	106.273374
2984598803	-19.829558	-43.162062	2984591867	-19.830106	-43.163073	158.078700	105.316087
2984598804	-19.829520	-43.166635	2984595308	-19.829185	-43.167228	72.371019	48.215430
2984598804	-19.829520	-43.166635	2984595312	-19.829858	-43.166073	69.770884	46.483154
2984598804	-19.829520	-43.166635	2984598796	-19.827981	-43.165651	199.733868	133.067829
2984598804	-19.829520	-43.166635	2984598808	-19.830967	-43.167593	189.526787	126.267609
2984598807	-19.830641	-43.168161	2984595308	-19.829185	-43.167228	189.051975	125.951278
2984598807	-19.830641	-43.168161	2984598811	-19.832085	-43.169117	189.231871	126.071129
2984598807	-19.830641	-43.168161	2984598808	-19.830967	-43.167593	69.628185	46.388084
2984598808	-19.830967	-43.167593	2984598809	-19.831307	-43.167027	70.274859	46.818915
2984598808	-19.830967	-43.167593	2984598807	-19.830641	-43.168161	69.628185	46.388084
2984598808	-19.830967	-43.167593	2984598812	-19.832458	-43.168546	193.491140	128.908763
2984598808	-19.830967	-43.167593	2984598804	-19.829520	-43.166635	189.526787	126.267609
2984598809	-19.831307	-43.167027	2984598813	-19.832788	-43.167968	191.941628	127.876439
2984598809	-19.831307	-43.167027	2984598808	-19.830967	-43.167593	70.274859	46.818915
2984598809	-19.831307	-43.167027	2984595312	-19.829858	-43.166073	189.432339	126.204686
2984598811	-19.832085	-43.169117	2984598807	-19.830641	-43.168161	189.231871	126.071129
2984598811	-19.832085	-43.169117	2984598814	-19.833559	-43.170045	190.476065	126.900043
2984598811	-19.832085	-43.169117	2984598812	-19.832458	-43.168546	72.758242	48.473408
2984598811	-19.832085	-43.169117	3265785959	-19.830285	-43.171643	1163.905863	775.423958
2984598812	-19.832458	-43.168546	2984598813	-19.832788	-43.167968	70.734476	47.125123
2984598812	-19.832458	-43.168546	2984598811	-19.832085	-43.169117	72.758242	48.473408
2984598812	-19.832458	-43.168546	2984598815	-19.833894	-43.169473	186.854672	124.487378
2984598812	-19.832458	-43.168546	2984598808	-19.830967	-43.167593	193.491140	128.908763
2984598813	-19.832788	-43.167968	2984598809	-19.831307	-43.167027	191.941628	127.876439
2984598813	-19.832788	-43.167968	2984598812	-19.832458	-43.168546	70.734476	47.125123
2984598813	-19.832788	-43.167968	2984598815	-19.833894	-43.169473	251.897989	167.820905
2984598814	-19.833559	-43.170045	2984598811	-19.832085	-43.169117	190.476065	126.900043
2984598814	-19.833559	-43.170045	2984595318	-19.834861	-43.170913	170.801368	113.792255
2984598814	-19.833559	-43.170045	2984598815	-19.833894	-43.169473	70.473087	46.950979
2984598814	-19.833559	-43.170045	3429123890	-19.833358	-43.170402	43.575063	29.030826
2984598815	-19.833894	-43.169473	2984598814	-19.833559	-43.170045	70.473087	46.950979
2984598815	-19.833894	-43.169473	2984598812	-19.832458	-43.168546	186.854672	124.487378
2984598815	-19.833894	-43.169473	2984598813	-19.832788	-43.167968	251.897989	167.820905
2990155898	-19.812733	-43.164657	2990155937	-19.813287	-43.162985	199.885042	133.168545
2990155898	-19.812733	-43.164657	2990155957	-19.813556	-43.163340	167.958328	111.898149
2990155898	-19.812733	-43.164657	2990155918	-19.812980	-43.165641	135.007893	89.945724
2990155901	-19.812740	-43.166587	3348364697	-19.813094	-43.166745	42.628898	28.400466
2990155901	-19.812740	-43.166587	2396569136	-19.814645	-43.167454	311.962000	207.837091
2990155911	-19.812912	-43.171758	3427765897	-19.812744	-43.171771	18.711120	12.465828
2990155911	-19.812912	-43.171758	2396569075	-19.812962	-43.171754	5.631709	3.751989
2990155912	-19.812960	-43.162555	2990155937	-19.813287	-43.162985	57.819206	38.520639
2990155912	-19.812960	-43.162555	2990156012	-19.814237	-43.162425	155.089009	103.324278
2990155918	-19.812980	-43.165641	3348393759	-19.813109	-43.165639	14.313594	9.536084
2990155918	-19.812980	-43.165641	2990155971	-19.813786	-43.163642	235.473677	156.878607
2990155918	-19.812980	-43.165641	2990155898	-19.812733	-43.164657	135.007893	89.945724
2990155937	-19.813287	-43.162985	2990155912	-19.812960	-43.162555	57.819206	38.520639
2990155937	-19.813287	-43.162985	2990155957	-19.813556	-43.163340	47.732988	31.800941
2990155937	-19.813287	-43.162985	2990155898	-19.812733	-43.164657	199.885042	133.168545
2990155937	-19.813287	-43.162985	2990156012	-19.814237	-43.162425	121.186038	80.737249
2990155945	-19.813352	-43.165631	3348393759	-19.813109	-43.165639	27.100048	18.054748
2990155945	-19.813352	-43.165631	2990155969	-19.813721	-43.165621	40.976070	27.299309
2990155945	-19.813352	-43.165631	2990155988	-19.814024	-43.163955	198.440432	132.206109
2990155957	-19.813556	-43.163340	2990155937	-19.813287	-43.162985	47.732988	31.800941
2990155957	-19.813556	-43.163340	2990155971	-19.813786	-43.163642	40.595867	27.046008
2990155957	-19.813556	-43.163340	2990156040	-19.814691	-43.162757	140.906974	93.875843
2990155957	-19.813556	-43.163340	2990155898	-19.812733	-43.164657	167.958328	111.898149
2990155969	-19.813721	-43.165621	2990155945	-19.813352	-43.165631	40.976070	27.299309
2990155969	-19.813721	-43.165621	2990156000	-19.814095	-43.165609	41.661476	27.755945
2990155969	-19.813721	-43.165621	2990156008	-19.814251	-43.164254	160.840382	107.155991
2990155971	-19.813786	-43.163642	2990155957	-19.813556	-43.163340	40.595867	27.046008
2990155971	-19.813786	-43.163642	2990155988	-19.814024	-43.163955	42.032549	28.003163
2990155971	-19.813786	-43.163642	2990155918	-19.812980	-43.165641	235.473677	156.878607
2990155971	-19.813786	-43.163642	2990156088	-19.815240	-43.163117	173.407276	115.528377
2990155988	-19.814024	-43.163955	2990155971	-19.813786	-43.163642	42.032549	28.003163
2990155988	-19.814024	-43.163955	2990156008	-19.814251	-43.164254	40.214214	26.791741
2990155988	-19.814024	-43.163955	2990155945	-19.813352	-43.165631	198.440432	132.206109
2990155988	-19.814024	-43.163955	2990156123	-19.815665	-43.163635	193.596361	128.978864
2990156000	-19.814095	-43.165609	2990155969	-19.813721	-43.165621	41.661476	27.755945
2990156000	-19.814095	-43.165609	2990156021	-19.814477	-43.164551	123.283830	82.134852
2990156000	-19.814095	-43.165609	2990156039	-19.814731	-43.165632	70.886703	47.226541
2990156008	-19.814251	-43.164254	2990155988	-19.814024	-43.163955	40.214214	26.791741
2990156008	-19.814251	-43.164254	2990156021	-19.814477	-43.164551	40.068766	26.694840
2990156008	-19.814251	-43.164254	2990155969	-19.813721	-43.165621	160.840382	107.155991
2990156008	-19.814251	-43.164254	2990156116	-19.815588	-43.164018	157.183374	104.719598
2990156012	-19.814237	-43.162425	2990156040	-19.814691	-43.162757	61.252795	40.808184
2990156012	-19.814237	-43.162425	2990155937	-19.813287	-43.162985	121.186038	80.737249
2990156012	-19.814237	-43.162425	2990155912	-19.812960	-43.162555	155.089009	103.324278
2990156021	-19.814477	-43.164551	2990156008	-19.814251	-43.164254	40.068766	26.694840
2990156021	-19.814477	-43.164551	2990156056	-19.814863	-43.165074	69.426181	46.253504
2990156021	-19.814477	-43.164551	2990156000	-19.814095	-43.165609	123.283830	82.134852
2990156021	-19.814477	-43.164551	2990156112	-19.815514	-43.164380	120.896697	80.544482
2990156039	-19.814731	-43.165632	2990156000	-19.814095	-43.165609	70.886703	47.226541
2990156039	-19.814731	-43.165632	1395854339	-19.815026	-43.165840	39.543414	26.344837
2990156040	-19.814691	-43.162757	2990156012	-19.814237	-43.162425	61.252795	40.808184
2990156040	-19.814691	-43.162757	2990155957	-19.813556	-43.163340	140.906974	93.875843
2990156040	-19.814691	-43.162757	2990156088	-19.815240	-43.163117	71.852225	47.869796
2990156056	-19.814863	-43.165074	2990156021	-19.814477	-43.164551	69.426181	46.253504
2990156056	-19.814863	-43.165074	2990156039	-19.814731	-43.165632	62.478632	41.624868
2990156088	-19.815240	-43.163117	2990155971	-19.813786	-43.163642	173.407276	115.528377
2990156088	-19.815240	-43.163117	2990156040	-19.814691	-43.162757	71.852225	47.869796
2990156088	-19.815240	-43.163117	2990156124	-19.815695	-43.163521	66.139477	44.063817
2990156089	-19.815237	-43.165647	1395854339	-19.815026	-43.165840	30.860220	20.559871
2990156089	-19.815237	-43.165647	2990156113	-19.815458	-43.165465	31.173180	20.768373
2990156089	-19.815237	-43.165647	11475675597	-19.815379	-43.165412	29.694118	19.782984
2990156112	-19.815514	-43.164380	2990156116	-19.815588	-43.164018	38.697850	25.781501
2990156112	-19.815514	-43.164380	2990156021	-19.814477	-43.164551	120.896697	80.544482
2990156112	-19.815514	-43.164380	2990156113	-19.815458	-43.165465	114.753224	76.451543
2990156113	-19.815458	-43.165465	2990156112	-19.815514	-43.164380	114.753224	76.451543
2990156113	-19.815458	-43.165465	2990156089	-19.815237	-43.165647	31.173180	20.768373
2990156113	-19.815458	-43.165465	11475675597	-19.815379	-43.165412	11.786893	7.852730
2990156116	-19.815588	-43.164018	2990156123	-19.815665	-43.163635	41.021810	27.329783
2990156116	-19.815588	-43.164018	2990156112	-19.815514	-43.164380	38.697850	25.781501
2990156116	-19.815588	-43.164018	2990156008	-19.814251	-43.164254	157.183374	104.719598
2990156123	-19.815665	-43.163635	2990156130	-19.815751	-43.163627	9.567017	6.373792
2990156123	-19.815665	-43.163635	2990156124	-19.815695	-43.163521	12.389432	8.254157
2990156123	-19.815665	-43.163635	2990156116	-19.815588	-43.164018	41.021810	27.329783
2990156123	-19.815665	-43.163635	2990155988	-19.814024	-43.163955	193.596361	128.978864
2990156124	-19.815695	-43.163521	2990156130	-19.815751	-43.163627	12.681248	8.448573
2990156124	-19.815695	-43.163521	2990156123	-19.815665	-43.163635	12.389432	8.254157
2990156124	-19.815695	-43.163521	2990156088	-19.815240	-43.163117	66.139477	44.063817
2990156130	-19.815751	-43.163627	2990156123	-19.815665	-43.163635	9.567017	6.373792
2990156130	-19.815751	-43.163627	2990156124	-19.815695	-43.163521	12.681248	8.448573
2990156130	-19.815751	-43.163627	2990156139	-19.815808	-43.166730	326.644586	217.619007
2990156135	-19.815710	-43.166790	2397522260	-19.815607	-43.166573	25.392474	16.917118
2990156135	-19.815710	-43.166790	2990156139	-19.815808	-43.166730	12.615698	8.404901
2990156135	-19.815710	-43.166790	1389495141	-19.816080	-43.168235	157.171885	104.711944
2990156135	-19.815710	-43.166790	3348364702	-19.815568	-43.167903	117.653907	78.384053
2990156139	-19.815808	-43.166730	2990156135	-19.815710	-43.166790	12.615698	8.404901
2990156139	-19.815808	-43.166730	2990156130	-19.815751	-43.163627	326.644586	217.619007
2990156139	-19.815808	-43.166730	2990156212	-19.818605	-43.166387	467.726598	311.611464
2990156179	-19.817638	-43.166721	2990156197	-19.818173	-43.165360	219.482633	146.224963
2990156189	-19.817956	-43.164530	2990156197	-19.818173	-43.165360	90.126391	60.044515
2990156189	-19.817956	-43.164530	2990156197	-19.818173	-43.165360	554.624523	369.505092
2990156197	-19.818173	-43.165360	2990156189	-19.817956	-43.164530	90.126391	60.044515
2990156197	-19.818173	-43.165360	2990156189	-19.817956	-43.164530	554.624523	369.505092
2990156197	-19.818173	-43.165360	2990156179	-19.817638	-43.166721	219.482633	146.224963
2990156197	-19.818173	-43.165360	2990156206	-19.818567	-43.166003	80.453100	53.599920
2990156206	-19.818567	-43.166003	2990156212	-19.818605	-43.166387	40.356440	26.886496
2990156206	-19.818567	-43.166003	2990156221	-19.818769	-43.166249	34.171505	22.765933
2990156206	-19.818567	-43.166003	2990156197	-19.818173	-43.165360	80.453100	53.599920
2990156212	-19.818605	-43.166387	2990156206	-19.818567	-43.166003	40.356440	26.886496
2990156212	-19.818605	-43.166387	2990156139	-19.815808	-43.166730	467.726598	311.611464
2990156212	-19.818605	-43.166387	2990156221	-19.818769	-43.166249	23.413580	15.598728
2990156221	-19.818769	-43.166249	1391042660	-19.819283	-43.166241	58.648702	39.073271
2990156221	-19.818769	-43.166249	2990156206	-19.818567	-43.166003	34.171505	22.765933
2990156223	-19.818880	-43.165032	2990156231	-19.818983	-43.165576	57.978551	38.626798
2990156223	-19.818880	-43.165032	2984595001	-19.818076	-43.163215	213.181110	142.026727
2990156223	-19.818880	-43.165032	2990156225	-19.818912	-43.163714	141.154347	94.040649
2990156225	-19.818912	-43.163714	2990156223	-19.818880	-43.165032	141.154347	94.040649
2990156231	-19.818983	-43.165576	2990156246	-19.819190	-43.163462	230.392290	153.493257
2990156231	-19.818983	-43.165576	2990156239	-19.819122	-43.165973	44.367186	29.558558
2990156231	-19.818983	-43.165576	2990156223	-19.818880	-43.165032	57.978551	38.626798
2990156239	-19.819122	-43.165973	1391042660	-19.819283	-43.166241	33.319949	22.198605
2990156239	-19.819122	-43.165973	1391042593	-19.819584	-43.163835	237.543381	158.257497
2990156239	-19.819122	-43.165973	2990156231	-19.818983	-43.165576	44.367186	29.558558
2990156246	-19.819190	-43.163462	2990156231	-19.818983	-43.165576	230.392290	153.493257
2990156262	-19.819973	-43.163804	1391042636	-19.820241	-43.164182	49.497069	32.976218
2990156262	-19.819973	-43.163804	1391042660	-19.819283	-43.166241	277.476962	184.862274
2990156262	-19.819973	-43.163804	2990156277	-19.820358	-43.163843	43.582205	29.035583
2990156277	-19.820358	-43.163843	2990156262	-19.819973	-43.163804	43.582205	29.035583
2990156277	-19.820358	-43.163843	1395854366	-19.821723	-43.164198	156.348741	104.163544
2990156277	-19.820358	-43.163843	2990156287	-19.821030	-43.163626	78.073183	52.014358
2990156281	-19.820558	-43.164615	1391042636	-19.820241	-43.164182	57.382358	38.229599
2990156281	-19.820558	-43.164615	1391042668	-19.820648	-43.164858	27.327870	18.206528
2990156281	-19.820558	-43.164615	1395854366	-19.821723	-43.164198	198.882927	132.500910
2990156286	-19.821152	-43.165707	7556059712	-19.820990	-43.165960	31.969699	21.299034
2990156286	-19.821152	-43.165707	1391042668	-19.820648	-43.164858	104.950483	69.920706
2990156286	-19.821152	-43.165707	2990156299	-19.821549	-43.166151	64.210700	42.778816
2990156287	-19.821030	-43.163626	2990156288	-19.821033	-43.162930	72.808034	48.506581
2990156287	-19.821030	-43.163626	2990156277	-19.820358	-43.163843	78.073183	52.014358
2990156287	-19.821030	-43.163626	2990156304	-19.821804	-43.163504	89.262350	59.468868
2990156288	-19.821033	-43.162930	2984595241	-19.821191	-43.162880	18.289943	12.185229
2990156288	-19.821033	-43.162930	2990156287	-19.821030	-43.163626	72.808034	48.506581
2990156288	-19.821033	-43.162930	2984595006	-19.819406	-43.162861	187.937667	125.208897
2990156299	-19.821549	-43.166151	7556059742	-19.821612	-43.168355	230.649367	153.664528
2990156299	-19.821549	-43.166151	2990156306	-19.821834	-43.166398	40.884196	27.238100
2990156299	-19.821549	-43.166151	2990156286	-19.821152	-43.165707	64.210700	42.778816
2990156300	-19.821643	-43.162858	2984595241	-19.821191	-43.162880	50.315109	33.521217
2990156300	-19.821643	-43.162858	2990156317	-19.822406	-43.163333	98.342392	65.518226
2990156300	-19.821643	-43.162858	2990156444	-19.823574	-43.162945	217.818981	145.116595
2990156304	-19.821804	-43.163504	2990156314	-19.822294	-43.163752	60.310782	40.180591
2990156304	-19.821804	-43.163504	1395854366	-19.821723	-43.164198	73.291809	48.828884
2990156304	-19.821804	-43.163504	2990156287	-19.821030	-43.163626	89.262350	59.468868
2990156306	-19.821834	-43.166398	2990156299	-19.821549	-43.166151	40.884196	27.238100
2990156306	-19.821834	-43.166398	1395854252	-19.822089	-43.166630	37.314013	24.859553
2990156306	-19.821834	-43.166398	2990156309	-19.821993	-43.165790	65.979977	43.957554
2990156309	-19.821993	-43.165790	2990156316	-19.822333	-43.165853	38.312496	25.524768
2990156309	-19.821993	-43.165790	2990156314	-19.822294	-43.163752	216.120413	143.984966
2990156309	-19.821993	-43.165790	2990156306	-19.821834	-43.166398	65.979977	43.957554
2990156314	-19.822294	-43.163752	2990156317	-19.822406	-43.163333	45.520924	30.327208
2990156314	-19.822294	-43.163752	2990156304	-19.821804	-43.163504	60.310782	40.180591
2990156314	-19.822294	-43.163752	2990156309	-19.821993	-43.165790	216.120413	143.984966
2990156316	-19.822333	-43.165853	3348405927	-19.822427	-43.165416	46.928132	31.264726
2990156316	-19.822333	-43.165853	2990156433	-19.823031	-43.166027	79.694545	53.094551
2990156316	-19.822333	-43.165853	2990156309	-19.821993	-43.165790	38.312496	25.524768
2990156316	-19.822333	-43.165853	1395854252	-19.822089	-43.166630	85.669542	57.075247
2990156317	-19.822406	-43.163333	2990156314	-19.822294	-43.163752	45.520924	30.327208
2990156317	-19.822406	-43.163333	2990156329	-19.822824	-43.163757	64.276506	42.822658
2990156317	-19.822406	-43.163333	2990156300	-19.821643	-43.162858	98.342392	65.518226
2990156318	-19.822199	-43.166736	1395854252	-19.822089	-43.166630	16.477637	10.977825
2990156318	-19.822199	-43.166736	7556059718	-19.822137	-43.168338	168.338432	112.151384
2990156318	-19.822199	-43.166736	2990156328	-19.822702	-43.167125	69.230439	46.123095
2990156327	-19.822729	-43.164141	2990156329	-19.822824	-43.163757	41.485659	27.638811
2990156327	-19.822729	-43.164141	3348405935	-19.822627	-43.164591	48.486242	32.302779
2990156327	-19.822729	-43.164141	2990156453	-19.823774	-43.164533	126.898477	84.543022
2990156328	-19.822702	-43.167125	2990156433	-19.823031	-43.166027	120.422956	80.228864
2990156328	-19.822702	-43.167125	7556059719	-19.822723	-43.168320	125.039640	83.304617
2990156328	-19.822702	-43.167125	2990156318	-19.822199	-43.166736	69.230439	46.123095
2990156328	-19.822702	-43.167125	7556059737	-19.823283	-43.168302	143.648880	95.702571
2990156329	-19.822824	-43.163757	2990156327	-19.822729	-43.164141	41.485659	27.638811
2990156329	-19.822824	-43.163757	2990156317	-19.822406	-43.163333	64.276506	42.822658
2990156329	-19.822824	-43.163757	2990156444	-19.823574	-43.162945	150.288173	100.125838
2990156433	-19.823031	-43.166027	2990156328	-19.822702	-43.167125	120.422956	80.228864
2990156433	-19.823031	-43.166027	3348405934	-19.823222	-43.166080	22.006971	14.661609
2990156433	-19.823031	-43.166027	2990156316	-19.822333	-43.165853	79.694545	53.094551
2990156444	-19.823574	-43.162945	7554852177	-19.823674	-43.163002	12.583207	8.383255
2990156444	-19.823574	-43.162945	2990156329	-19.822824	-43.163757	150.288173	100.125838
2990156450	-19.823735	-43.166225	3348405934	-19.823222	-43.166080	58.965713	39.284471
2990156453	-19.823774	-43.164533	2990156327	-19.822729	-43.164141	126.898477	84.543022
2996379311	-19.829929	-43.185201	3354179220	-19.830227	-43.186357	125.386131	83.535458
2996379311	-19.829929	-43.185201	2996379315	-19.830027	-43.183010	244.629560	162.978491
2996379315	-19.830027	-43.183010	2996379330	-19.830592	-43.183308	70.138422	46.728017
2996379315	-19.830027	-43.183010	5620147415	-19.829608	-43.182659	59.320622	39.520921
2996379315	-19.830027	-43.183010	2996379311	-19.829929	-43.185201	244.629560	162.978491
2996379315	-19.830027	-43.183010	2996379484	-19.832151	-43.180988	324.275521	216.040675
2996379330	-19.830592	-43.183308	2996379315	-19.830027	-43.183010	70.138422	46.728017
2996379330	-19.830592	-43.183308	2996379474	-19.831748	-43.182272	170.459659	113.564600
2996379330	-19.830592	-43.183308	2996379501	-19.832963	-43.184555	294.136057	195.960990
2996379462	-19.831548	-43.180399	9709850579	-19.831201	-43.180108	49.198088	32.777029
2996379462	-19.831548	-43.180399	2996379484	-19.832151	-43.180988	91.217853	60.771675
2996379462	-19.831548	-43.180399	5620147416	-19.829081	-43.182154	333.092488	221.914765
2996379474	-19.831748	-43.182272	2996379330	-19.830592	-43.183308	170.459659	113.564600
2996379479	-19.831973	-43.180423	2996379492	-19.832503	-43.181095	91.680683	61.080024
2996379484	-19.832151	-43.180988	2996379315	-19.830027	-43.183010	324.275521	216.040675
2996379484	-19.832151	-43.180988	2996379462	-19.831548	-43.180399	91.217853	60.771675
2996379484	-19.832151	-43.180988	2996379492	-19.832503	-43.181095	41.857838	27.886766
2996379492	-19.832503	-43.181095	2996379479	-19.831973	-43.180423	91.680683	61.080024
2996379492	-19.832503	-43.181095	2996379484	-19.832151	-43.180988	41.857838	27.886766
2996379492	-19.832503	-43.181095	2996379510	-19.833163	-43.181024	73.770003	49.147470
2996379493	-19.832559	-43.180266	2996379510	-19.833163	-43.181024	103.848285	69.186392
2996379501	-19.832963	-43.184555	2996379634	-19.833826	-43.183369	157.171464	104.711663
2996379501	-19.832963	-43.184555	2996379330	-19.830592	-43.183308	294.136057	195.960990
2996379504	-19.833186	-43.179890	2996379532	-19.833774	-43.180733	109.699213	73.084431
2996379510	-19.833163	-43.181024	2996379493	-19.832559	-43.180266	103.848285	69.186392
2996379510	-19.833163	-43.181024	2996379492	-19.832503	-43.181095	73.770003	49.147470
2996379510	-19.833163	-43.181024	2996379532	-19.833774	-43.180733	76.286144	50.823787
2996379525	-19.833689	-43.179461	2996379635	-19.833851	-43.179688	29.783662	19.842640
2996379532	-19.833774	-43.180733	2996379651	-19.834279	-43.180318	70.901920	47.236679
2996379532	-19.833774	-43.180733	2996379504	-19.833186	-43.179890	109.699213	73.084431
2996379532	-19.833774	-43.180733	2996379510	-19.833163	-43.181024	76.286144	50.823787
2996379634	-19.833826	-43.183369	2996379637	-19.833878	-43.182862	53.355197	35.546602
2996379634	-19.833826	-43.183369	2996379501	-19.832963	-43.184555	157.171464	104.711663
2996379634	-19.833826	-43.183369	2996379674	-19.834878	-43.182303	369.087211	245.895373
2996379635	-19.833851	-43.179688	2996379651	-19.834279	-43.180318	81.292462	54.159124
2996379635	-19.833851	-43.179688	2996379525	-19.833689	-43.179461	29.783662	19.842640
2996379635	-19.833851	-43.179688	1395864439	-19.834315	-43.179328	63.868774	42.551016
2996379637	-19.833878	-43.182862	2996379634	-19.833826	-43.183369	53.355197	35.546602
2996379637	-19.833878	-43.182862	2996379639	-19.833861	-43.182266	62.409511	41.578818
2996379637	-19.833878	-43.182862	2996379674	-19.834878	-43.182303	169.270286	112.772209
2996379637	-19.833878	-43.182862	3354147755	-19.833503	-43.181614	181.544207	120.949410
2996379639	-19.833861	-43.182266	3354147757	-19.834188	-43.182271	36.320232	24.197471
2996379639	-19.833861	-43.182266	2996379637	-19.833878	-43.182862	62.409511	41.578818
2996379639	-19.833861	-43.182266	3354147754	-19.833803	-43.182077	25.692600	17.117069
2996379647	-19.834096	-43.181879	3354147754	-19.833803	-43.182077	38.555857	25.686901
2996379647	-19.834096	-43.181879	8113708713	-19.835077	-43.180539	189.147678	126.015037
2996379647	-19.834096	-43.181879	3354147757	-19.834188	-43.182271	47.731474	31.799933
2996379651	-19.834279	-43.180318	2996379635	-19.833851	-43.179688	81.292462	54.159124
2996379651	-19.834279	-43.180318	2996379532	-19.833774	-43.180733	70.901920	47.236679
2996379651	-19.834279	-43.180318	2996379659	-19.834455	-43.180164	25.411880	16.930046
2996379659	-19.834455	-43.180164	2996379675	-19.834879	-43.179822	59.173049	39.422604
2996379659	-19.834455	-43.180164	2996379651	-19.834279	-43.180318	25.411880	16.930046
2996379659	-19.834455	-43.180164	8113734122	-19.834527	-43.180463	32.349916	21.552344
2996379671	-19.834777	-43.176743	2996379679	-19.834972	-43.176129	67.846745	45.201243
2996379671	-19.834777	-43.176743	1399759151	-19.834449	-43.177339	72.564340	48.344226
2996379671	-19.834777	-43.176743	2996379728	-19.835882	-43.177440	142.899743	95.203476
2996379674	-19.834878	-43.182303	3354147757	-19.834188	-43.182271	76.855740	51.203266
2996379674	-19.834878	-43.182303	2996379634	-19.833826	-43.183369	369.087211	245.895373
2996379674	-19.834878	-43.182303	2996379637	-19.833878	-43.182862	169.270286	112.772209
2996379675	-19.834879	-43.179822	2996379659	-19.834455	-43.180164	59.173049	39.422604
2996379675	-19.834879	-43.179822	2996379694	-19.835224	-43.179524	49.446531	32.942548
2996379675	-19.834879	-43.179822	8113708713	-19.835077	-43.180539	79.012311	52.640030
2996379679	-19.834972	-43.176129	2996379671	-19.834777	-43.176743	67.846745	45.201243
2996379693	-19.835201	-43.178617	1395864439	-19.834315	-43.179328	123.513255	82.287700
2996379693	-19.835201	-43.178617	2996379713	-19.835588	-43.178859	49.929420	33.264261
2996379693	-19.835201	-43.178617	1399759168	-19.834406	-43.178107	103.202603	68.756223
2996379694	-19.835224	-43.179524	2996379703	-19.835395	-43.179595	20.407748	13.596166
2996379694	-19.835224	-43.179524	2996379675	-19.834879	-43.179822	49.446531	32.942548
2996379694	-19.835224	-43.179524	2996379726	-19.835795	-43.179011	83.163457	55.405630
2996379703	-19.835395	-43.179595	2996379694	-19.835224	-43.179524	20.407748	13.596166
2996379703	-19.835395	-43.179595	1399759127	-19.836172	-43.179817	89.419583	59.573621
2996379703	-19.835395	-43.179595	2996379788	-19.836592	-43.180642	176.287880	117.447510
2996379713	-19.835588	-43.178859	2996379726	-19.835795	-43.179011	28.009591	18.660708
2996379713	-19.835588	-43.178859	2996379693	-19.835201	-43.178617	49.929420	33.264261
2996379713	-19.835588	-43.178859	1399759125	-19.835906	-43.178285	69.755798	46.473103
2996379726	-19.835795	-43.179011	1399759073	-19.835965	-43.179127	22.406016	14.927463
2996379726	-19.835795	-43.179011	2996379713	-19.835588	-43.178859	28.009591	18.660708
2996379726	-19.835795	-43.179011	2996379694	-19.835224	-43.179524	83.163457	55.405630
2996379728	-19.835882	-43.177440	2996379764	-19.836242	-43.177692	47.950808	31.946059
2996379728	-19.835882	-43.177440	2996379671	-19.834777	-43.176743	142.899743	95.203476
2996379764	-19.836242	-43.177692	2996379728	-19.835882	-43.177440	47.950808	31.946059
2996379764	-19.836242	-43.177692	1399759125	-19.835906	-43.178285	72.343713	48.197238
2996379788	-19.836592	-43.180642	2996379808	-19.836780	-43.180025	67.791450	45.164404
2996379788	-19.836592	-43.180642	2996379703	-19.835395	-43.179595	176.287880	117.447510
2996379788	-19.836592	-43.180642	1399759086	-19.837551	-43.180198	221.411125	147.509774
2996379808	-19.836780	-43.180025	1399759127	-19.836172	-43.179817	71.082345	47.356882
2996379808	-19.836780	-43.180025	2996379788	-19.836592	-43.180642	67.791450	45.164404
2996379808	-19.836780	-43.180025	1399759086	-19.837551	-43.180198	88.619301	59.040452
2996379941	-19.837158	-43.177494	3275012687	-19.837212	-43.177461	6.904189	4.599748
3206481130	-19.833670	-43.167229	3206481134	-19.833748	-43.167278	10.068463	6.707869
3206481134	-19.833748	-43.167278	3275012714	-19.833785	-43.167200	9.100796	6.063184
3206481143	-19.834315	-43.166802	3206481144	-19.834302	-43.166722	8.535966	5.686879
3206481143	-19.834315	-43.166802	8128399053	-19.835472	-43.166636	129.878983	86.528712
3206481144	-19.834302	-43.166722	3206481143	-19.834315	-43.166802	8.535966	5.686879
3206481144	-19.834302	-43.166722	3275012715	-19.833709	-43.167154	83.160029	55.403346
3265713525	-19.828188	-43.162231	2984591852	-19.828054	-43.162174	15.994577	10.655998
3265713525	-19.828188	-43.162231	2984598802	-19.829313	-43.162730	135.580447	90.327173
3265713525	-19.828188	-43.162231	2984598803	-19.829558	-43.162062	159.515581	106.273374
3265785959	-19.830285	-43.171643	2984598811	-19.832085	-43.169117	1163.905863	775.423958
3266240479	-19.821211	-43.161216	2984586413	-19.820627	-43.160626	89.611846	59.701711
3266240479	-19.821211	-43.161216	2984595244	-19.821831	-43.160312	117.125425	78.031964
3275012669	-19.834706	-43.168478	3275012706	-19.834766	-43.168461	6.929445	4.616574
3275012669	-19.834706	-43.168478	3275012845	-19.834777	-43.169126	68.250588	45.470293
3275012687	-19.837212	-43.177461	2996379941	-19.837158	-43.177494	6.904189	4.599748
3275012687	-19.837212	-43.177461	3275012859	-19.836737	-43.177073	66.832025	44.525210
3275012703	-19.834836	-43.169123	3275012845	-19.834777	-43.169126	6.534196	4.353249
3275012703	-19.834836	-43.169123	3275012706	-19.834766	-43.168461	69.874974	46.552501
3275012706	-19.834766	-43.168461	3275012669	-19.834706	-43.168478	6.929445	4.616574
3275012714	-19.833785	-43.167200	3275012715	-19.833709	-43.167154	9.716442	6.473343
3275012714	-19.833785	-43.167200	3206481143	-19.834315	-43.166802	75.301202	50.167594
3275012715	-19.833709	-43.167154	3206481130	-19.833670	-43.167229	8.976243	5.980203
3275012715	-19.833709	-43.167154	3275012843	-19.832017	-43.166046	222.392478	148.163577
3275012729	-19.829572	-43.164362	2984591862	-19.829839	-43.163734	72.081823	48.022761
3275012729	-19.829572	-43.164362	3275012835	-19.829226	-43.164221	41.168743	27.427673
3275012730	-19.828772	-43.163992	2984598800	-19.829033	-43.163360	72.164681	48.077962
3275012730	-19.828772	-43.163992	2984591856	-19.828747	-43.164076	9.275801	6.179777
3275012730	-19.828772	-43.163992	3275012833	-19.827938	-43.163630	100.163226	66.731312
3275012731	-19.827552	-43.163458	2984591850	-19.827794	-43.162797	74.221987	49.448593
3275012731	-19.827552	-43.163458	2984591848	-19.827507	-43.163518	8.079008	5.382443
3275012731	-19.827552	-43.163458	3275012832	-19.827249	-43.163329	36.265402	24.160942
3275012732	-19.825964	-43.162738	2984598789	-19.826222	-43.162137	69.116815	46.047396
3275012732	-19.825964	-43.162738	2984591839	-19.825930	-43.162817	9.097005	6.060658
3275012732	-19.825964	-43.162738	3275012828	-19.825340	-43.162460	75.134944	50.056828
3275012733	-19.824583	-43.162118	2984598788	-19.824840	-43.161507	70.018508	46.648127
3275012733	-19.824583	-43.162118	2984586432	-19.824557	-43.162196	8.655315	5.766393
3275012733	-19.824583	-43.162118	3275012734	-19.823868	-43.161792	86.535874	57.652420
3275012734	-19.823868	-43.161792	2984598787	-19.824090	-43.161182	68.437358	45.594724
3275012734	-19.823868	-43.161792	2984598786	-19.823839	-43.161867	8.491955	5.657559
3275012734	-19.823868	-43.161792	3275012827	-19.823083	-43.161432	95.143289	63.386901
3275012744	-19.822043	-43.160475	2984586422	-19.821996	-43.160526	7.444928	4.960002
3275012744	-19.822043	-43.160475	2984586425	-19.822458	-43.160141	57.883098	38.563206
3275012773	-19.815536	-43.156455	3275012786	-19.815450	-43.156472	9.712627	6.470801
3275012786	-19.815450	-43.156472	3275012773	-19.815536	-43.156455	9.712627	6.470801
3275012786	-19.815450	-43.156472	3275012800	-19.816273	-43.157439	139.699812	93.071600
3275012799	-19.816313	-43.157359	3275012800	-19.816273	-43.157439	9.544444	6.358754
3275012799	-19.816313	-43.157359	3275012773	-19.815536	-43.156455	131.399100	87.541453
3275012800	-19.816273	-43.157439	3275012799	-19.816313	-43.157359	9.544444	6.358754
3275012800	-19.816273	-43.157439	2984557961	-19.816515	-43.157540	28.914637	19.263673
3275012801	-19.816548	-43.157465	2984557961	-19.816515	-43.157540	8.661561	5.770554
3275012801	-19.816548	-43.157465	3275012799	-19.816313	-43.157359	28.396513	18.918485
3275012803	-19.817238	-43.157608	3275012805	-19.817488	-43.157573	28.046790	18.685491
3275012805	-19.817488	-43.157573	3275012807	-19.817685	-43.157508	22.939010	15.282557
3275012806	-19.817657	-43.157427	3275012807	-19.817685	-43.157508	8.966696	5.973843
3275012807	-19.817685	-43.157508	3275012806	-19.817657	-43.157427	8.966696	5.973843
3275012807	-19.817685	-43.157508	3275012809	-19.818213	-43.157226	65.802652	43.839416
3275012823	-19.822261	-43.160882	3275012824	-19.822308	-43.160817	8.498978	5.662237
3275012823	-19.822261	-43.160882	2984557983	-19.822519	-43.161151	40.283676	26.838019
3275012824	-19.822308	-43.160817	3275012823	-19.822261	-43.160882	8.498978	5.662237
3275012824	-19.822308	-43.160817	3275012744	-19.822043	-43.160475	46.342457	30.874534
3275012825	-19.822570	-43.161094	2984557983	-19.822519	-43.161151	8.243967	5.492342
3275012825	-19.822570	-43.161094	3275012824	-19.822308	-43.160817	41.110804	27.389073
3275012826	-19.823051	-43.161497	3275012827	-19.823083	-43.161432	7.780425	5.183519
3275012826	-19.823051	-43.161497	2984598786	-19.823839	-43.161867	95.878619	63.876797
3275012827	-19.823083	-43.161432	3275012826	-19.823051	-43.161497	7.780425	5.183519
3275012827	-19.823083	-43.161432	3275012825	-19.822570	-43.161094	67.339631	44.863390
3275012828	-19.825340	-43.162460	2984557985	-19.825303	-43.162533	8.661566	5.770557
3275012828	-19.825340	-43.162460	3275012733	-19.824583	-43.162118	91.461566	60.934043
3275012829	-19.826359	-43.163006	3275012830	-19.826381	-43.162935	7.853998	5.232535
3275012829	-19.826359	-43.163006	2984595289	-19.827238	-43.163398	106.018318	70.632124
3275012830	-19.826381	-43.162935	3275012829	-19.826359	-43.163006	7.853998	5.232535
3275012830	-19.826381	-43.162935	3275012732	-19.825964	-43.162738	50.806451	33.848561
3275012831	-19.826306	-43.163129	3275012829	-19.826359	-43.163006	14.189832	9.453631
3275012831	-19.826306	-43.163129	2984595277	-19.826441	-43.163345	27.117838	18.066599
3275012832	-19.827249	-43.163329	2984595289	-19.827238	-43.163398	7.264365	4.839706
3275012832	-19.827249	-43.163329	3275012830	-19.826381	-43.162935	104.960776	69.927563
3275012833	-19.827938	-43.163630	2984595299	-19.827919	-43.163709	8.539563	5.689276
3275012833	-19.827938	-43.163630	3275012731	-19.827552	-43.163458	46.533765	31.001988
3275012834	-19.829209	-43.164284	2984591858	-19.829559	-43.164449	42.640597	28.408260
3275012834	-19.829209	-43.164284	3275012835	-19.829226	-43.164221	6.884414	4.586573
3275012835	-19.829226	-43.164221	3275012834	-19.829209	-43.164284	6.884414	4.586573
3275012835	-19.829226	-43.164221	3275012730	-19.828772	-43.163992	55.900866	37.242591
3275012836	-19.829911	-43.164603	3275012837	-19.829945	-43.164532	8.342947	5.558285
3275012836	-19.829911	-43.164603	2984595314	-19.830375	-43.164820	56.396070	37.572509
3275012837	-19.829945	-43.164532	3275012836	-19.829911	-43.164603	8.342947	5.558285
3275012837	-19.829945	-43.164532	3275012729	-19.829572	-43.164362	45.180280	30.100262
3275012839	-19.830395	-43.164733	2984595314	-19.830375	-43.164820	9.352527	6.230893
3275012839	-19.830395	-43.164733	3275012837	-19.829945	-43.164532	54.201588	36.110489
3275012840	-19.831011	-43.165168	3275012841	-19.831049	-43.165085	9.664642	6.438833
3275012840	-19.831011	-43.165168	3275012842	-19.831968	-43.166099	144.239787	96.096248
3275012841	-19.831049	-43.165085	3275012840	-19.831011	-43.165168	9.664642	6.438833
3275012841	-19.831049	-43.165085	3275012839	-19.830395	-43.164733	81.695226	54.427457
3275012842	-19.831968	-43.166099	3275012843	-19.832017	-43.166046	7.736733	5.154410
3275012842	-19.831968	-43.166099	3206481130	-19.833670	-43.167229	224.542402	149.595911
3275012843	-19.832017	-43.166046	3275012842	-19.831968	-43.166099	7.736733	5.154410
3275012843	-19.832017	-43.166046	3275012841	-19.831049	-43.165085	147.348740	98.167512
3275012845	-19.834777	-43.169126	3275012703	-19.834836	-43.169123	6.534196	4.353249
3275012849	-19.834916	-43.171771	3275012850	-19.834978	-43.171768	6.880003	4.583635
3275012850	-19.834978	-43.171768	3275012849	-19.834916	-43.171771	6.880003	4.583635
3275012850	-19.834978	-43.171768	8113996655	-19.834921	-43.170914	89.580489	59.680821
3348364696	-19.812881	-43.167201	2396569077	-19.813023	-43.167300	18.829686	12.544820
3348364696	-19.812881	-43.167201	2396569062	-19.812465	-43.167008	50.506263	33.648569
3348364696	-19.812881	-43.167201	3348364697	-19.813094	-43.166745	53.210149	35.449967
3348364697	-19.813094	-43.166745	2396569101	-19.813608	-43.166978	62.233078	41.461274
3348364697	-19.813094	-43.166745	2990155901	-19.812740	-43.166587	42.628898	28.400466
3348364697	-19.813094	-43.166745	3348364696	-19.812881	-43.167201	53.210149	35.449967
3348364702	-19.815568	-43.167903	2396569153	-19.815158	-43.167689	50.804377	33.847180
3348364702	-19.815568	-43.167903	3348364707	-19.815624	-43.169166	132.536280	88.299071
3348364702	-19.815568	-43.167903	2990156135	-19.815710	-43.166790	117.653907	78.384053
3348364707	-19.815624	-43.169166	3348364702	-19.815568	-43.167903	132.536280	88.299071
3348393731	-19.815461	-43.167183	2396569153	-19.815158	-43.167689	62.796610	41.836713
3348393731	-19.815461	-43.167183	2397522260	-19.815607	-43.166573	67.078415	44.689362
3348393731	-19.815461	-43.167183	3348393759	-19.813109	-43.165639	350.805734	233.715783
3348393759	-19.813109	-43.165639	2990155918	-19.812980	-43.165641	14.313594	9.536084
3348393759	-19.813109	-43.165639	2990155945	-19.813352	-43.165631	27.100048	18.054748
3348393759	-19.813109	-43.165639	3348393731	-19.815461	-43.167183	350.805734	233.715783
3348393766	-19.817357	-43.168940	1393586555	-19.817094	-43.168495	54.972180	36.623877
3348393766	-19.817357	-43.168940	2396569161	-19.815864	-43.169649	184.638390	123.010834
3348393766	-19.817357	-43.168940	2396569175	-19.817716	-43.168999	40.465313	26.959030
3348405927	-19.822427	-43.165416	2990156316	-19.822333	-43.165853	46.928132	31.264726
3348405927	-19.822427	-43.165416	7554852179	-19.822531	-43.165023	42.695534	28.444861
3348405927	-19.822427	-43.165416	3348405931	-19.823350	-43.165633	105.161953	70.061592
3348405931	-19.823350	-43.165633	3348405927	-19.822427	-43.165416	105.161953	70.061592
3348405931	-19.823350	-43.165633	3348405934	-19.823222	-43.166080	48.918295	32.590624
3348405931	-19.823350	-43.165633	7554852181	-19.824134	-43.166168	134.384595	89.530466
3348405934	-19.823222	-43.166080	2990156433	-19.823031	-43.166027	22.006971	14.661609
3348405934	-19.823222	-43.166080	2990156450	-19.823735	-43.166225	58.965713	39.284471
3348405934	-19.823222	-43.166080	3348405931	-19.823350	-43.165633	48.918295	32.590624
3348405935	-19.822627	-43.164591	3348405936	-19.823127	-43.164727	57.456940	38.279288
3348405935	-19.822627	-43.164591	2990156327	-19.822729	-43.164141	48.486242	32.302779
3348405935	-19.822627	-43.164591	7554852179	-19.822531	-43.165023	46.408653	30.918636
3348405936	-19.823127	-43.164727	3348405935	-19.822627	-43.164591	57.456940	38.279288
3348413227	-19.824921	-43.163930	3386668330	-19.825189	-43.163707	37.813202	25.192125
3348413227	-19.824921	-43.163930	2984598791	-19.827216	-43.165173	288.024734	191.889470
3354147710	-19.835132	-43.174482	8113996658	-19.835076	-43.174487	6.222514	4.145598
3354147754	-19.833803	-43.182077	3354147755	-19.833503	-43.181614	58.765124	39.150834
3354147754	-19.833803	-43.182077	2996379639	-19.833861	-43.182266	25.692600	17.117069
3354147754	-19.833803	-43.182077	2996379647	-19.834096	-43.181879	38.555857	25.686901
3354147755	-19.833503	-43.181614	3354147754	-19.833803	-43.182077	58.765124	39.150834
3354147755	-19.833503	-43.181614	8113734122	-19.834527	-43.180463	177.016804	117.933138
3354147755	-19.833503	-43.181614	2996379637	-19.833878	-43.182862	181.544207	120.949410
3354147757	-19.834188	-43.182271	2996379639	-19.833861	-43.182266	36.320232	24.197471
3354147757	-19.834188	-43.182271	2996379674	-19.834878	-43.182303	76.855740	51.203266
3354147757	-19.834188	-43.182271	2996379647	-19.834096	-43.181879	47.731474	31.799933
3354179220	-19.830227	-43.186357	2996379311	-19.829929	-43.185201	125.386131	83.535458
3354179220	-19.830227	-43.186357	3354179224	-19.830948	-43.186003	94.183783	62.747653
3354179224	-19.830948	-43.186003	3354179220	-19.830227	-43.186357	94.183783	62.747653
3386668330	-19.825189	-43.163707	2984595268	-19.825282	-43.163675	10.938204	7.287312
3386668330	-19.825189	-43.163707	3348413227	-19.824921	-43.163930	37.813202	25.192125
3386668330	-19.825189	-43.163707	8169648969	-19.826379	-43.164114	141.195510	94.068072
3427728438	-19.810604	-43.170988	2396568957	-19.810555	-43.171431	46.630881	31.066690
3427728438	-19.810604	-43.170988	2396568970	-19.810803	-43.170246	81.298133	54.162903
3427765897	-19.812744	-43.171771	2396569007	-19.811436	-43.171927	146.394273	97.531622
3427765897	-19.812744	-43.171771	2990155911	-19.812912	-43.171758	18.711120	12.465828
3429123890	-19.833358	-43.170402	2984598814	-19.833559	-43.170045	43.575063	29.030826
5620147415	-19.829608	-43.182659	2996379315	-19.830027	-43.183010	59.320622	39.520921
5620147416	-19.829081	-43.182154	2996379462	-19.831548	-43.180399	333.092488	221.914765
7554852107	-19.816822	-43.171466	7556060009	-19.816370	-43.171679	54.955931	36.613052
7554852107	-19.816822	-43.171466	2396569161	-19.815864	-43.169649	234.900484	156.496731
7554852177	-19.823674	-43.163002	7554852178	-19.823946	-43.162561	55.218694	36.788111
7554852177	-19.823674	-43.163002	3348413227	-19.824921	-43.163930	169.612272	113.000049
7554852178	-19.823946	-43.162561	7554852177	-19.823674	-43.163002	55.218694	36.788111
7554852178	-19.823946	-43.162561	3386668330	-19.825189	-43.163707	190.684875	127.039157
7554852179	-19.822531	-43.165023	7554852180	-19.823540	-43.165291	115.685280	77.072502
7554852179	-19.822531	-43.165023	3348405935	-19.822627	-43.164591	46.408653	30.918636
7554852179	-19.822531	-43.165023	3348405927	-19.822427	-43.165416	42.695534	28.444861
7554852180	-19.823540	-43.165291	7554852179	-19.822531	-43.165023	115.685280	77.072502
7554852181	-19.824134	-43.166168	3348405931	-19.823350	-43.165633	134.384595	89.530466
7556048983	-19.823358	-43.171694	7556059686	-19.824404	-43.170883	143.993505	95.932169
7556048983	-19.823358	-43.171694	7556059724	-19.823338	-43.171126	59.467004	39.618445
7556048983	-19.823358	-43.171694	7556059689	-19.823358	-43.172458	80.013130	53.306801
7556059686	-19.824404	-43.170883	7556048983	-19.823358	-43.171694	143.993505	95.932169
7556059686	-19.824404	-43.170883	7556059687	-19.824730	-43.171333	59.358924	39.546438
7556059686	-19.824404	-43.170883	12073388604	-19.823454	-43.169473	181.989465	121.246053
7556059687	-19.824730	-43.171333	7556059689	-19.823358	-43.172458	192.697251	128.379854
7556059687	-19.824730	-43.171333	7556059705	-19.825054	-43.171798	60.555672	40.343743
7556059687	-19.824730	-43.171333	7556059686	-19.824404	-43.170883	59.358924	39.546438
7556059689	-19.823358	-43.172458	7556059687	-19.824730	-43.171333	192.697251	128.379854
7556059689	-19.823358	-43.172458	7556048983	-19.823358	-43.171694	80.013130	53.306801
7556059689	-19.823358	-43.172458	7556059690	-19.823380	-43.173164	73.798577	49.166506
7556059690	-19.823380	-43.173164	7556059705	-19.825054	-43.171798	234.599527	156.296226
7556059690	-19.823380	-43.173164	7556059689	-19.823358	-43.172458	73.798577	49.166506
7556059690	-19.823380	-43.173164	7556059697	-19.823391	-43.173865	73.422819	48.916166
7556059692	-19.825685	-43.172284	7556059703	-19.825392	-43.172303	32.605530	21.722641
7556059697	-19.823391	-43.173865	7556059703	-19.825392	-43.172303	276.089023	183.937593
7556059697	-19.823391	-43.173865	7556059698	-19.824365	-43.173823	108.384109	72.208275
7556059697	-19.823391	-43.173865	7556059690	-19.823380	-43.173164	73.422819	48.916166
7556059698	-19.824365	-43.173823	7556059701	-19.825437	-43.172965	149.191433	99.395162
7556059698	-19.824365	-43.173823	7556059697	-19.823391	-43.173865	108.384109	72.208275
7556059698	-19.824365	-43.173823	7556059708	-19.825440	-43.173794	119.562351	79.655507
7556059701	-19.825437	-43.172965	7556059698	-19.824365	-43.173823	149.191433	99.395162
7556059701	-19.825437	-43.172965	7556059708	-19.825440	-43.173794	86.717929	57.773710
7556059701	-19.825437	-43.172965	7556059703	-19.825392	-43.172303	69.954931	46.605770
7556059703	-19.825392	-43.172303	7556059692	-19.825685	-43.172284	32.605530	21.722641
7556059703	-19.825392	-43.172303	7556059697	-19.823391	-43.173865	276.089023	183.937593
7556059703	-19.825392	-43.172303	7556059705	-19.825054	-43.171798	64.769402	43.151038
7556059703	-19.825392	-43.172303	7556059701	-19.825437	-43.172965	69.954931	46.605770
7556059705	-19.825054	-43.171798	7556059690	-19.823380	-43.173164	234.599527	156.296226
7556059705	-19.825054	-43.171798	7556059703	-19.825392	-43.172303	64.769402	43.151038
7556059705	-19.825054	-43.171798	7556059687	-19.824730	-43.171333	60.555672	40.343743
7556059707	-19.823316	-43.169599	7556059721	-19.822744	-43.169608	63.655500	42.408928
7556059707	-19.823316	-43.169599	7556059737	-19.823283	-43.168302	135.702970	90.408801
7556059707	-19.823316	-43.169599	7556059724	-19.823338	-43.171126	159.720503	106.409898
7556059708	-19.825440	-43.173794	7556059701	-19.825437	-43.172965	86.717929	57.773710
7556059708	-19.825440	-43.173794	7556059698	-19.824365	-43.173823	119.562351	79.655507
7556059708	-19.825440	-43.173794	12073388599	-19.825672	-43.173797	25.809924	17.195234
7556059709	-19.820431	-43.166833	7556059752	-19.820457	-43.167815	102.775126	68.471427
7556059709	-19.820431	-43.166833	7556059711	-19.820063	-43.167409	72.810917	48.508502
7556059709	-19.820431	-43.166833	7556059712	-19.820990	-43.165960	110.506104	73.622003
7556059711	-19.820063	-43.167409	7556059709	-19.820431	-43.166833	72.810917	48.508502
7556059711	-19.820063	-43.167409	7556059752	-19.820457	-43.167815	61.298218	40.838446
7556059711	-19.820063	-43.167409	1391042619	-19.819686	-43.166768	79.073898	52.681061
7556059712	-19.820990	-43.165960	7556059709	-19.820431	-43.166833	110.506104	73.622003
7556059712	-19.820990	-43.165960	2990156286	-19.821152	-43.165707	31.969699	21.299034
7556059712	-19.820990	-43.165960	7556059751	-19.821032	-43.168043	218.010446	145.244154
7556059718	-19.822137	-43.168338	7556059719	-19.822723	-43.168320	65.177936	43.423213
7556059718	-19.822137	-43.168338	7556059742	-19.821612	-43.168355	58.436583	38.931952
7556059718	-19.822137	-43.168338	2990156318	-19.822199	-43.166736	168.338432	112.151384
7556059719	-19.822723	-43.168320	7556059737	-19.823283	-43.168302	62.241195	41.466681
7556059719	-19.822723	-43.168320	7556059718	-19.822137	-43.168338	65.177936	43.423213
7556059719	-19.822723	-43.168320	7556059721	-19.822744	-43.169608	134.793553	89.802925
7556059719	-19.822723	-43.168320	2990156328	-19.822702	-43.167125	125.039640	83.304617
7556059721	-19.822744	-43.169608	7556059707	-19.823316	-43.169599	63.655500	42.408928
7556059721	-19.822744	-43.169608	7556059725	-19.822769	-43.171094	155.449169	103.564226
7556059721	-19.822744	-43.169608	7556059719	-19.822723	-43.168320	134.793553	89.802925
7556059721	-19.822744	-43.169608	7556059742	-19.821612	-43.168355	200.747738	133.743295
7556059723	-19.821700	-43.171035	7556059725	-19.822769	-43.171094	118.939913	79.240822
7556059724	-19.823338	-43.171126	7556059725	-19.822769	-43.171094	63.378502	42.224385
7556059724	-19.823338	-43.171126	7556059707	-19.823316	-43.169599	159.720503	106.409898
7556059724	-19.823338	-43.171126	7556048983	-19.823358	-43.171694	59.467004	39.618445
7556059725	-19.822769	-43.171094	7556059723	-19.821700	-43.171035	118.939913	79.240822
7556059725	-19.822769	-43.171094	7556059724	-19.823338	-43.171126	63.378502	42.224385
7556059725	-19.822769	-43.171094	7556059721	-19.822744	-43.169608	155.449169	103.564226
7556059737	-19.823283	-43.168302	7556059719	-19.822723	-43.168320	62.241195	41.466681
7556059737	-19.823283	-43.168302	7556059707	-19.823316	-43.169599	135.702970	90.408801
7556059737	-19.823283	-43.168302	2990156328	-19.822702	-43.167125	143.648880	95.702571
7556059742	-19.821612	-43.168355	2990156299	-19.821549	-43.166151	230.649367	153.664528
7556059742	-19.821612	-43.168355	7556059718	-19.822137	-43.168338	58.436583	38.931952
7556059742	-19.821612	-43.168355	7556059721	-19.822744	-43.169608	200.747738	133.743295
7556059742	-19.821612	-43.168355	7556059751	-19.821032	-43.168043	72.431898	48.255989
7556059751	-19.821032	-43.168043	7556059712	-19.820990	-43.165960	218.010446	145.244154
7556059751	-19.821032	-43.168043	7556059742	-19.821612	-43.168355	72.431898	48.255989
7556059751	-19.821032	-43.168043	7556059752	-19.820457	-43.167815	68.973733	45.952071
7556059752	-19.820457	-43.167815	7556059709	-19.820431	-43.166833	102.775126	68.471427
7556059752	-19.820457	-43.167815	7556059751	-19.821032	-43.168043	68.973733	45.952071
7556059752	-19.820457	-43.167815	7556059711	-19.820063	-43.167409	61.298218	40.838446
7556059974	-19.814248	-43.172381	1389502281	-19.814426	-43.171506	119.236630	79.438503
7556059974	-19.814248	-43.172381	7556060009	-19.816370	-43.171679	351.661934	234.286206
7556060009	-19.816370	-43.171679	7554852107	-19.816822	-43.171466	54.955931	36.613052
7556060009	-19.816370	-43.171679	7556059974	-19.814248	-43.172381	351.661934	234.286206
8113708713	-19.835077	-43.180539	8113734122	-19.834527	-43.180463	61.637357	41.064389
8113708713	-19.835077	-43.180539	2996379647	-19.834096	-43.181879	189.147678	126.015037
8113708713	-19.835077	-43.180539	2996379675	-19.834879	-43.179822	79.012311	52.640030
8113734122	-19.834527	-43.180463	8113708713	-19.835077	-43.180539	61.637357	41.064389
8113734122	-19.834527	-43.180463	2996379659	-19.834455	-43.180164	32.349916	21.552344
8113734122	-19.834527	-43.180463	3354147755	-19.833503	-43.181614	177.016804	117.933138
8113996655	-19.834921	-43.170914	2996379690	-19.834917	-43.170842	7.501152	4.997460
8113996655	-19.834921	-43.170914	2984595318	-19.834861	-43.170913	6.695121	4.460461
8113996658	-19.835076	-43.174487	3354147710	-19.835132	-43.174482	6.222514	4.145598
8128399052	-19.835459	-43.166562	3206481144	-19.834302	-43.166722	129.701170	86.410248
8128399052	-19.835459	-43.166562	8128399053	-19.835472	-43.166636	7.795990	5.193889
8128399053	-19.835472	-43.166636	8128399052	-19.835459	-43.166562	7.795990	5.193889
8166752901	-19.822287	-43.162061	2984595248	-19.822295	-43.161992	7.203533	4.799178
8166752901	-19.822287	-43.162061	8169648964	-19.822799	-43.162201	58.815312	39.184270
8166784427	-19.821302	-43.162101	8169648965	-19.821297	-43.162174	7.710348	5.136832
8166784427	-19.821302	-43.162101	8169648966	-19.819881	-43.162372	174.196019	116.053858
8166918378	-19.820601	-43.160645	2984586413	-19.820627	-43.160626	3.520113	2.345190
8169648960	-19.830089	-43.165462	2984595310	-19.829288	-43.165551	89.582229	59.681980
8169648960	-19.830089	-43.165462	2984595313	-19.830114	-43.165472	3.003173	2.000791
8169648960	-19.830089	-43.165462	2984598801	-19.829278	-43.165081	98.623486	65.705498
8169648961	-19.823812	-43.162431	8169648962	-19.823782	-43.162505	8.485843	5.653486
8169648961	-19.823812	-43.162431	8169648963	-19.822828	-43.162123	114.116257	76.027179
8169648962	-19.823782	-43.162505	7554852178	-19.823946	-43.162561	19.180218	12.778354
8169648962	-19.823782	-43.162505	8169648961	-19.823812	-43.162431	8.485843	5.653486
8169648963	-19.822828	-43.162123	8169648964	-19.822799	-43.162201	8.808260	5.868289
8169648963	-19.822828	-43.162123	2984595248	-19.822295	-43.161992	60.838737	40.532328
8169648964	-19.822799	-43.162201	8169648963	-19.822828	-43.162123	8.808260	5.868289
8169648964	-19.822799	-43.162201	8169648962	-19.823782	-43.162505	113.867288	75.861310
8169648965	-19.821297	-43.162174	8166784427	-19.821302	-43.162101	7.710348	5.136832
8169648965	-19.821297	-43.162174	8166752901	-19.822287	-43.162061	110.972464	73.932704
8169648966	-19.819881	-43.162372	2984595015	-19.819973	-43.162402	10.755315	7.165467
8169648969	-19.826379	-43.164114	8169648970	-19.826391	-43.164046	7.218781	4.809337
8169648969	-19.826379	-43.164114	2984595286	-19.827084	-43.164299	81.114900	54.040829
8169648970	-19.826391	-43.164046	8169648969	-19.826379	-43.164114	7.218781	4.809337
8169648970	-19.826391	-43.164046	2984595268	-19.825282	-43.163675	131.234014	87.431468
8169648973	-19.829239	-43.165708	2984595312	-19.829858	-43.166073	78.795749	52.495750
8169648973	-19.829239	-43.165708	2984595310	-19.829288	-43.165551	17.530135	11.679026
9709850573	-19.831120	-43.177949	9709850575	-19.830777	-43.179911	211.383983	140.829434
9709850575	-19.830777	-43.179911	9709850579	-19.831201	-43.180108	51.440680	34.271101
9709850575	-19.830777	-43.179911	9709850573	-19.831120	-43.177949	211.383983	140.829434
9709850575	-19.830777	-43.179911	9709850577	-19.830724	-43.178742	164.154391	109.363869
9709850576	-19.831342	-43.178268	9709850579	-19.831201	-43.180108	193.105619	128.651919
9709850577	-19.830724	-43.178742	9709850575	-19.830777	-43.179911	164.154391	109.363869
9709850579	-19.831201	-43.180108	9709850576	-19.831342	-43.178268	193.105619	128.651919
9709850579	-19.831201	-43.180108	9709850575	-19.830777	-43.179911	51.440680	34.271101
9709850579	-19.831201	-43.180108	2996379462	-19.831548	-43.180399	49.198088	32.777029
11475675597	-19.815379	-43.165412	2990156056	-19.814863	-43.165074	88.147613	58.726202
12073388599	-19.825672	-43.173797	7556059708	-19.825440	-43.173794	25.809924	17.195234
12073388604	-19.823454	-43.169473	7556059686	-19.824404	-43.170883	181.989465	121.246053
3275012809	-19.818213	-43.157226	3275012814	-19.820428	-43.158303	327.900000	218.455396
3275012814	-19.820428	-43.158303	2984595244	-19.821831	-43.160312	333.000000	221.853146
3266240479	-19.821211	-43.161216	2984595006	-19.819406	-43.162861	378.900000	252.432904
2996379941	-19.837158	-43.177494	2996379935	-19.837110	-43.179003	213.900000	142.505670
2996379935	-19.837110	-43.179003	2996379808	-19.836780	-43.180025	114.000000	75.949726
8113708708	-19.837600	-43.179801	2996379808	-19.836780	-43.180025	174.200000	116.056511
3275012859	-19.836737	-43.177073	3275012691	-19.836237	-43.176740	77.100000	51.365999
3275012691	-19.836237	-43.176740	3354147710	-19.835132	-43.174482	307.000000	204.531279
3354147710	-19.835132	-43.174482	3275012850	-19.834978	-43.171768	298.200000	198.668493
2996379690	-19.834917	-43.170842	3275012703	-19.834836	-43.169123	193.000000	128.581553
3275012706	-19.834766	-43.168461	3275012714	-19.833785	-43.167200	203.900000	135.843413
3206481134	-19.833748	-43.167278	3275012669	-19.834706	-43.168478	210.800000	140.440370
3275012845	-19.834777	-43.169126	2984595318	-19.834861	-43.170913	201.100000	133.977981
3275012849	-19.834916	-43.171771	8113996658	-19.835076	-43.174487	297.900000	198.468626
8113996658	-19.835076	-43.174487	3275012691	-19.836237	-43.176740	294.600000	196.270081
3275012691	-19.836237	-43.176740	2996379941	-19.837158	-43.177494	139.000000	92.605367
3275012691	-19.836237	-43.176740	2996379728	-19.835882	-43.177440	89.100000	59.360707
