0	10266340786
1	11508105108
2	11508105110
3	1393591762
4	1396320590
5	1396320608
6	1396320616
7	2984557998
8	2984558011
9	2984558014
10	2984558015
11	2984595316
12	2984940569
13	2984940570
14	2984979854
15	2984979856
16	2984979872
17	2984979873
18	2984979874
19	2984979878
20	2985000956
21	2985017080
22	2985017081
23	2985017084
24	2985017087
25	2985017091
26	2985017107
27	2985017109
28	2986259720
29	2986259729
30	2986259730
31	2986268144
32	2986268147
33	2986268150
34	2986268154
35	2986268155
36	2986268159
37	2986268161
38	2986268171
39	2986268173
40	2986268174
41	2986268184
42	2986268188
43	2986268189
44	2986268190
45	2986268193
46	2986268196
47	2986268205
48	2986268209
49	2986268210
50	2986268215
51	2986268220
52	2986268221
53	2986268222
54	2986268226
55	2986268229
56	2986268434
57	2986268438
58	2986268439
59	2986268444
60	2986268452
61	2986268453
62	2986268465
63	2986268466
64	2986268479
65	2986268483
66	2986268487
67	2986268491
68	2986268493
69	2986268495
70	2986268498
71	2986268504
72	2986268506
73	2986268510
74	2986268519
75	2986268523
76	2986268526
77	2986268527
78	2986268746
79	2986268749
80	2986268750
81	2986268758
82	2986268761
83	2986268766
84	2986268767
85	2986268771
86	2986268772
87	2986268778
88	2986268790
89	2986268801
90	2986268807
91	2986268810
92	2986268818
93	2986268824
94	2986268825
95	2986268830
96	2986268832
97	2986268836
98	2986268839
99	2986268844
100	2986268856
101	2986268861
102	2986268867
103	2986268869
104	2986268871
105	2986268872
106	2986268887
107	2986268901
108	2986268905
109	2986268906
110	2986268907
111	2986268908
112	2986268909
113	2986268910
114	2986268918
115	2986268926
116	2986269039
117	2986269041
118	2986269050
119	2986269072
120	2986269078
121	2986269082
122	2986269090
123	2986269093
124	2986269106
125	2986269107
126	2986269119
127	2986269239
128	2986269241
129	2986269243
130	2986269245
131	2986269247
132	2986269249
133	2986269253
134	2986269257
135	2986269265
136	2986269272
137	2986269274
138	2986269275
139	2986269276
140	2986269279
141	2986269292
142	2986269296
143	2986269298
144	2986269305
145	2986269312
146	2986269313
147	2986269314
148	2986269315
149	2986269326
150	2986269327
151	2986269330
152	2986269539
153	2986269547
154	2986269553
155	2986269559
156	2986269560
157	2986269564
158	2986269570
159	2986269582
160	2986269583
161	2986269584
162	2986269588
163	2986269590
164	2986269600
165	2986269603
166	2986269616
167	2986269623
168	2986269632
169	2986269644
170	2986269647
171	2986269649
172	2986269656
173	2986269658
174	2986269659
175	2986269662
176	2986269676
177	2986269679
178	2986269680
179	2986269681
180	2986269686
181	2986269690
182	2986269691
183	2986269693
184	2986269694
185	2986269703
186	2986269704
187	2986269708
188	2986269712
189	2986269715
190	2986269720
191	2986269723
192	2986269727
193	2986269730
194	2986269732
195	2986269843
196	2986269846
197	2986269847
198	2986269849
199	2986269851
200	2986269853
201	2986269854
202	2986269858
203	2986269868
204	2986269872
205	2986269875
206	2986269885
207	2986269886
208	2986269891
209	2986269895
210	2986269897
211	2986269898
212	2986269899
213	2986269902
214	2986269905
215	2986269908
216	2986269909
217	2986269912
218	2986269918
219	2986269922
220	2986269924
221	2986269925
222	2986269927
223	2986269930
224	2986269931
225	2986270138
226	2986270153
227	2986270154
228	2986270159
229	2986270166
230	2986270168
231	2986270172
232	2986270173
233	2986270179
234	2986270185
235	2986270192
236	2986270193
237	2986270196
238	2986270198
239	2986270202
240	2986270203
241	2986270204
242	2986270207
243	2986270208
244	2986270210
245	2986270219
246	2986270221
247	2986270229
248	2986270230
249	2986270234
250	2986270236
251	2986270239
252	2986270241
253	2986270242
254	2986270255
255	2986270257
256	2986270263
257	2986270264
258	2986270267
259	2986270268
260	2986270273
261	2986270274
262	2986270276
263	2986270285
264	2986270287
265	2986270288
266	2986270291
267	2986270294
268	2986270297
269	2986270302
270	2986270303
271	2986270312
272	2986270313
273	2996379664
274	2996379677
275	2996379705
276	2996379707
277	2996379711
278	2996379714
279	2996379716
280	2996379717
281	2996379721
282	2996379722
283	2996379751
284	2996379769
285	2996379781
286	2996379791
287	2996379810
288	2996379817
289	2996379827
290	2996379933
291	2996379934
292	2996379953
293	2996379956
294	2996379969
295	2996379975
296	2996379978
297	2996379987
298	2996379994
299	2996379998
300	2996380001
301	2996380002
302	2996380009
303	2996380011
304	2996380014
305	2996380018
306	2996380026
307	2996380029
308	2996380032
309	2996380135
310	2996380139
311	2996380143
312	2996380145
313	2996380147
314	2996380150
315	2996380159
316	2996380160
317	2996380166
318	2996380169
319	2996380175
320	2996380180
321	2996380181
322	2996380182
323	2996380184
324	2996380197
325	2996380205
326	2996380208
327	2996380211
328	2996380216
329	2996380223
330	2996380226
331	2996380231
332	2996380235
333	2996380237
334	2996380239
335	2996380240
336	3206481146
337	3206481149
338	3206481150
339	3206481153
340	3206481155
341	3206481157
342	3206481158
343	3206481863
344	3206481874
345	3206481879
346	3206481902
347	3206481907
348	3206481911
349	3275012671
350	3275012681
351	3275012682
352	3275012694
353	3275012695
354	3275012699
355	3275012708
356	3275012846
357	3275012847
358	3275012848
359	3275012852
360	3275012853
361	3275012854
362	3275012855
363	3275012858
364	3275012860
365	3275012961
366	3275012964
367	3275012968
368	3354120871
369	3354120881
370	3354120884
371	3354120885
372	3354120886
373	3354120887
374	3354120890
375	3354120891
376	3354121195
377	3354121198
378	3354121206
379	3354121228
380	3354121243
381	3354121244
382	3354121245
383	3354121246
384	3354179229
385	3354455296
386	3354455307
387	3354455310
388	3354455314
389	3354455315
390	3354455316
391	3354455320
392	3354455321
393	3354455324
394	3354455338
395	3354455347
396	3354455350
397	3354455352
398	3354455353
399	3354455358
400	3354455360
401	3354455383
402	3354455384
403	3354469233
404	3354527021
405	3354527025
406	3354564482
407	3354564485
408	3354564994
409	3354564996
410	3354564997
411	3354564999
412	3354565000
413	3354565008
414	3354565015
415	3354565022
416	3354565023
417	3354565024
418	3354565025
419	3354565026
420	3354565027
421	3354565028
422	3354565029
423	3354565033
424	3354565035
425	3354565040
426	3354565041
427	3354589026
428	3354601412
429	3360128974
430	3360128979
431	3360128984
432	3360128985
433	3360129996
434	3360130002
435	3360167994
436	3360167995
437	3360168003
438	3360168009
439	3360168015
440	3360168024
441	3360168025
442	3360168029
443	3360168034
444	3360168041
445	3427433332
446	3427433333
447	3427433335
448	3427447281
449	3427447285
450	3427447547
451	3427447551
452	3427447554
453	3427447557
454	3427447560
455	3427447561
456	3427447564
457	3427447567
458	3427447575
459	3427451256
460	3427451259
461	3427451263
462	3427453708
463	3427455341
464	3427455462
465	3427459545
466	3427459546
467	3427459549
468	3427459551
469	3427472886
470	3427472888
471	3427475801
472	3429123886
473	3429188208
474	3429188211
475	3429188212
476	3514762827
477	369595261
478	369595299
479	369595311
480	3915749506
481	3915804163
482	3915804164
483	3915804188
484	3915804189
485	3915804194
486	4031025124
487	4228859681
488	4228859682
489	4972501164
490	4972501165
491	4972501166
492	4972501167
493	4972501168
494	4972501169
495	4972501173
496	4972501174
497	5791038203
498	6179019401
499	6179019402
500	6179019404
501	6179019405
502	6179019414
503	6179019415
504	6179019417
505	6179019419
506	6179019423
507	6179019424
508	6179019425
509	6179019445
510	6179019447
511	6179019450
512	6179019456
513	6179019457
514	6179019459
515	6179019460
516	6179019463
517	6179019465
518	6597727813
519	6768485220
520	6768485226
521	6768485227
522	6768485232
523	7554852091
524	7554852092
525	7554852124
526	7554852125
527	7554852126
528	7554852131
529	7772409849
530	7772675591
531	7772771860
532	7780134947
533	7780751482
534	7780829959
535	7780829975
536	7782752487
537	7782804977
538	7783185839
539	7783185854
540	7783377152
541	7783377153
542	7783377156
543	7783565030
544	8113802556
545	8113996654
546	8113996656
547	8113996657
548	8113996659
549	8114116389
550	8114218628
551	8114293392
552	8114293393
553	8114293394
554	8114293412
555	8114293413
556	8114293415
557	8114305137
558	8114305148
559	8114305151
560	8114419938
561	8114419953
562	8114419956
563	8115042796
564	8115042800
565	8115042801
566	8115042802
567	8115042804
568	8115042805
569	8115161194
